0.548983134704 0.26107179453
0.520353331618 0.522010296371
0.265919519434 0.55486589232
0.492085575039 0.723651945062
0.470054430563 0.104733491746
0.90717858885 0.240613162712
0.106793806941 0.22244459602
0.0654387847123 0.802946128728
0.250697391238 0.715755454445
0.391984625732 0.842266451718
0.566993681313 0.125304328108
0.941757295159 0.989223162765
0.670708924013 0.992253493383
0.9636093342 0.803886811353
0.350608823044 0.390963482536
0.35899642361 0.290158212449
0.459335078089 0.0255298844262
0.153249575701 0.900753575234
0.295100996903 0.320224812362
0.477656941376 0.580514007137
0.209808617512 0.855866275819
0.666011308468 0.804416779157
0.541846855706 0.672922500575
0.0381815628035 0.949236076009
0.40801553446 0.723263289377
0.692360403444 0.0570387383939
0.81889389839 0.422521525223
0.829895494595 0.251283203304
0.289531628816 0.94811484457
0.853118520265 0.0143685696463
0.565175528428 0.809490931889
0.146689016275 0.797094872565
0.743427540037 0.946229410182
0.214464743213 0.337428277762
0.999007964614 0.660191389067
0.0419760599461 0.490725851424
0.68838341964 0.60997742869
0.541153554879 0.596613372981
0.274081837204 0.79289614201
0.191010594551 0.253501491529
0.180368973368 0.515987679326
0.63493894477 0.673456399441
0.197724699539 0.634832101872
0.635674364967 0.93886608539
0.157635789537 0.975363709341
0.788250086995 0.802613959711
0.351012433268 0.513360960518
0.384790153757 0.602094455584
0.613804415305 0.276622176119
0.366711169223 0.0293241267265
0.48766676763 0.919767112559
0.604731333077 0.735259265778
0.929890598999 0.477755768812
0.479586015048 0.355142299887
0.960730027696 0.193838349492
0.312701544484 0.876494970545
0.254367101566 0.258612503378
0.224495104359 0.928028403637
0.950116432348 0.581944163805
0.722382794158 0.683052191791
0.00635260675813 0.418708246851
0.741299996694 0.115410993821
0.956109881564 0.867934179873
0.603639866756 0.55482784926
