0.18431730357 0.219872364565 9.18051586212 0.18431730357 0.219872364565 9.18051586212
0.402043931019 -0.937646526986 2.08843644808 0.402043931019 -0.937646526986 2.08843644808
1.07603444279 1.2050524561 -5.80047757828 1.07603444279 1.2050524561 -5.80047757828
-0.835567456806 2.00026658017 -3.67576666566 -0.835567456806 2.00026658017 -3.67576666566
-0.457937887729 0.712981612635 4.00012775407 -0.446676499181 0.942383330195 3.95938671055
-0.225870984653 -0.971288109571 2.87482030868 -0.225870984653 -0.971288109571 2.87482030868
1.28635740837 -1.59720774075 -4.34964380325 1.28635740837 -1.59720774075 -4.34964380325
0.0877372450613 2.92938696444 -2.79366778363 0.0877372450613 2.92938696444 -2.79366778363
0.594276812535 0.936943952498 -0.931633823778 0.353857764588 0.8253974015 -1.0805993367
-0.644328295627 0.775392303557 2.92198125051 -0.644328295627 0.775392303557 2.92198125051
1.19852251121 -1.26280259516 1.97682438781 1.19852251121 -1.26280259516 1.97682438781
-0.291366025023 0.644412807327 -2.94112840761 -0.291366025023 0.644412807327 -2.94112840761
-0.827712656905 7.45715752142e-05 -6.48527877824 -0.827712656905 7.45715752142e-05 -6.48527877824
-0.274928689725 1.51689854061 -3.27078921822 -0.274928689725 1.51689854061 -3.27078921822
0.504157549089 -1.33138599177 4.37600121532 0.504157549089 -1.33138599177 4.37600121532
-0.941854751434 0.172231960178 -3.02022090428 -0.941854751434 0.172231960178 -3.02022090428
1.20073822725 0.856038978265 2.43970418659 1.20073822725 0.856038978265 2.43970418659
-0.756406887523 0.0222586551209 7.9257896937 -0.756406887523 0.0222586551209 7.9257896937
-1.30899860567 1.20260821864 7.87924206571 -1.30899860567 1.20260821864 7.87924206571
0.789973131263 -0.823200587559 3.90426309969 0.789973131263 -0.823200587559 3.90426309969
-1.39761753245 0.510220421025 -1.4283095385 -1.39761753245 0.510220421025 -1.4283095385
0.741202551275 0.0777033241726 -3.01855045 0.741202551275 0.0777033241726 -3.01855045
2.15527242421 -0.439097263129 2.36740330838 2.15527242421 -0.439097263129 2.36740330838
-0.61253329274 1.54626391147 2.53357626503 -0.61253329274 1.54626391147 2.53357626503
-0.302946566894 -2.00948125261 -0.465263083497 -0.302946566894 -2.00948125261 -0.465263083497
0.626577557179 0.619164843578 8.09306381654 0.626577557179 0.619164843578 8.09306381654
-1.00282331953 -1.36568404167 -2.28615337616 -1.00282331953 -1.36568404167 -2.28615337616
1.15029099293 0.35934045162 4.70983462545 1.15029099293 0.35934045162 4.70983462545
1.58961792984 0.64863452249 -2.70511545334 1.7681518837 0.375047959937 -2.85905147336
0.0710132839301 -2.20593339461 0.75197422926 0.0710132839301 -2.20593339461 0.75197422926
1.41691480712 -0.201100812877 6.73526585384 1.41691480712 -0.201100812877 6.73526585384
-0.318163591087 -0.765178091237 -1.29850742388 -0.318163591087 -0.765178091237 -1.29850742388
-0.221831752144 -0.719214185186 3.7257138823 -0.221831752144 -0.719214185186 3.7257138823
0.228855720009 -0.108797690649 -0.471506593825 0.228855720009 -0.108797690649 -0.471506593825
0.115243832456 1.77609328905 11.4919365092 0.115243832456 1.77609328905 11.4919365092
-2.87196290258 -2.35015834338 -1.09377176477 -2.87196290258 -2.35015834338 -1.09377176477
0.960005234951 1.79486095574 -9.68144665172 0.960005234951 1.79486095574 -9.68144665172
-1.83683955455 2.27119149948 9.65228503476 -1.83683955455 2.27119149948 9.65228503476
-0.570188131488 -1.27339897104 0.737615120575 -0.570188131488 -1.27339897104 0.737615120575
-0.22947727964 -1.78790976264 -0.269479226872 -0.22947727964 -1.78790976264 -0.269479226872
-1.40946740687 -0.997950419571 5.66970530013 -1.40946740687 -0.997950419571 5.66970530013
0.207134151566 0.444908776902 0.523146630848 0.207134151566 0.444908776902 0.523146630848
0.679172166918 -1.19995614832 -7.56477667004 0.679172166918 -1.19995614832 -7.56477667004
2.3089371662 1.55796592502 3.87752489713 2.3089371662 1.55796592502 3.87752489713
-0.336088899795 -0.194975877704 1.27725529033 -0.336088899795 -0.194975877704 1.27725529033
-1.19421689266 -0.795044099137 10.3759290614 -1.19421689266 -0.795044099137 10.3759290614
0.0945224044237 -0.0574806256759 -4.14656040509 0.0945224044237 -0.0574806256759 -4.14656040509
-0.198083501844 0.181066280368 3.98310504051 -0.198083501844 0.181066280368 3.98310504051
-0.835770446878 2.14474299424 -5.25279344173 -0.835770446878 2.14474299424 -5.25279344173
0.977892698838 1.47196209171 -2.9429394985 0.977892698838 1.47196209171 -2.9429394985
1.24196682559 -0.00146590844123 -2.29806522098 1.34305041788 0.0212068064493 -2.3427548374
1.35374401315 -0.709105677712 -6.37228565205 1.35374401315 -0.709105677712 -6.37228565205
-0.530646254588 -0.751585232699 4.36874374693 -0.530646254588 -0.751585232699 4.36874374693
1.53577396643 0.661972774115 -0.821387412978 1.53577396643 0.661972774115 -0.821387412978
-1.15220890466 1.06421412862 -0.377148165244 -1.15220890466 1.06421412862 -0.377148165244
-0.231361121128 -1.99874354023 -3.28162949859 -0.231361121128 -1.99874354023 -3.28162949859
0.828809776079 1.28958288484 -1.34080348917 0.828809776079 1.28958288484 -1.34080348917
0.475389852486 0.855557892762 -4.20347824614 0.475389852486 0.855557892762 -4.20347824614
-0.590642288089 -1.55552607874 12.1482522257 -0.590642288089 -1.55552607874 12.1482522257
1.52340074252 0.412529667422 -5.49087913925 1.52340074252 0.412529667422 -5.49087913925
0.196861434188 -0.661874676341 -1.62506090951 0.196861434188 -0.661874676341 -1.62506090951
1.10129367308 -0.41683240576 8.31895091069 1.10129367308 -0.41683240576 8.31895091069
-0.108074039542 0.404805164936 8.15475533219 -0.108074039542 0.404805164936 8.15475533219
1.81847932664 0.459072807873 -5.27904972414 1.81847932664 0.459072807873 -5.27904972414
0.28547431226 1.43933835906 0.00848214604965 0.28547431226 1.43933835906 0.00848214604965
1.25809627042 -0.493526803616 5.09657961091 1.25809627042 -0.493526803616 5.09657961091
-1.50675794901 -1.06582775075 3.39635917022 -1.50675794901 -1.06582775075 3.39635917022
-2.03810523572 0.935865386516 10.6901933908 -2.03810523572 0.935865386516 10.6901933908
1.01556631551 -1.61322185638 0.961278975778 1.01556631551 -1.61322185638 0.961278975778
0.680713422789 -1.52449551572 -3.19876932978 0.680713422789 -1.52449551572 -3.19876932978
0.799781677134 -0.117634594642 1.68870595535 0.799781677134 -0.117634594642 1.68870595535
-0.605345558231 0.429951540845 9.15258164114 -0.605345558231 0.429951540845 9.15258164114
1.85538648809 1.38991135274 3.58802198746 1.85538648809 1.38991135274 3.58802198746
1.13251940967 -0.748166720396 -4.53478004668 1.13251940967 -0.748166720396 -4.53478004668
-1.22193352715 0.116073349767 0.337880124076 -1.22193352715 0.116073349767 0.337880124076
0.328696933461 -1.44789803834 -1.53584349715 0.328696933461 -1.44789803834 -1.53584349715
2.3156220725 -0.233234707858 4.43675194881 2.3156220725 -0.233234707858 4.43675194881
2.2175183889 -0.863042289447 1.46734926499 2.2175183889 -0.863042289447 1.46734926499
0.730106246467 1.52838947224 -6.54500930849 0.730106246467 1.52838947224 -6.54500930849
2.02211562644 1.07373599785 -3.01590376596 2.02211562644 1.07373599785 -3.01590376596
0.13053608963 0.371694895044 3.46976981443 0.13053608963 0.371694895044 3.46976981443
0.858628350034 1.40668882415 -0.718972103125 0.858628350034 1.40668882415 -0.718972103125
0.290458220451 -0.994851938811 -2.33473681893 0.290458220451 -0.994851938811 -2.33473681893
-0.969006824217 0.348460512712 1.96280945947 -0.969006824217 0.348460512712 1.96280945947
0.918352236916 0.646304620787 0.707593324379 0.918352236916 0.646304620787 0.707593324379
-0.123875314262 0.470489354028 4.25845664471 -0.123875314262 0.470489354028 4.25845664471
-1.08521409656 1.44942016621 2.84249891436 -1.08521409656 1.44942016621 2.84249891436
0.0270492192601 0.031743467907 3.78848749168 0.0270492192601 0.031743467907 3.78848749168
-2.05925011415 -0.202107733195 1.36496381058 -1.96683268009 -0.0174389533091 1.07917530431
-0.678900828649 1.68525054653 -1.83168530069 -0.678900828649 1.68525054653 -1.83168530069
-1.03126624985 -0.138062651945 5.61356044625 -1.03126624985 -0.138062651945 5.61356044625
-0.903022980961 1.77315871553 3.78531448688 -0.903022980961 1.77315871553 3.78531448688
-0.55357873668 0.77091907205 -2.79508778457 -0.590898760705 0.82129862016 -2.85645425016
2.24945837708 -1.15121088492 -2.78766271887 2.24945837708 -1.15121088492 -2.78766271887
0.769062359296 0.392751524717 3.28908508817 0.769062359296 0.392751524717 3.28908508817
0.291321055926 1.23198557826 7.04654752664 0.291321055926 1.23198557826 7.04654752664
-0.761858280381 0.207782469431 5.55505486737 -0.761858280381 0.207782469431 5.55505486737
2.35143297746 0.581191540221 -8.9362524479 2.35143297746 0.581191540221 -8.9362524479
0.804043951507 0.093548569839 -0.555221697869 0.804043951507 0.093548569839 -0.555221697869
-1.8845479114 0.404180396344 3.16033400131 -1.8845479114 0.404180396344 3.16033400131
1.37299312882 0.0117677357467 -0.752590888547 1.34569304982 -0.240976862001 -0.666324484826
-0.293066178289 -2.34833419061 0.140236621308 -0.293066178289 -2.34833419061 0.140236621308
-3.48355719013 -0.961874075194 -3.56981362464 -3.48355719013 -0.961874075194 -3.56981362464
0.497497136466 1.77799150139 2.69959424004 0.497497136466 1.77799150139 2.69959424004
1.64789324366 -0.434447071841 3.17050774563 1.64789324366 -0.434447071841 3.17050774563
-0.125368820071 -0.255042431868 -13.1761671874 -0.125368820071 -0.255042431868 -13.1761671874
-0.408759862184 -0.625103579481 6.51893885094 -0.408759862184 -0.625103579481 6.51893885094
1.31366561955 2.67336842678 -6.14241442564 1.31366561955 2.67336842678 -6.14241442564
-1.18391555802 1.02003589199 -0.429940955864 -1.18391555802 1.02003589199 -0.429940955864
1.22844673233 0.869461131617 12.9169382419 1.22844673233 0.869461131617 12.9169382419
-2.39756398751 1.14812240497 -2.81873743024 -2.39756398751 1.14812240497 -2.81873743024
0.22084910116 -0.699553973884 -3.24770722477 0.22084910116 -0.699553973884 -3.24770722477
0.672158586389 -1.87770847688 4.12314676321 0.672158586389 -1.87770847688 4.12314676321
-2.02015457073 1.2308209237 1.31223071113 -2.02015457073 1.2308209237 1.31223071113
0.877042209639 1.05644874076 -0.379721653758 0.877042209639 1.05644874076 -0.379721653758
-0.592489354759 -0.409809669197 11.6118707807 -0.592489354759 -0.409809669197 11.6118707807
0.126417249776 0.695797779328 -0.107873390161 0.24329926525 0.696226538845 -0.0497457326231
0.312798795038 -0.0812292549773 1.21634428835 0.312798795038 -0.0812292549773 1.21634428835
-0.852186625817 1.32368660695 2.40590386877 -0.852186625817 1.32368660695 2.40590386877
0.861759365361 -0.567559393519 5.45335629244 0.861759365361 -0.567559393519 5.45335629244
1.71560025518 2.47902097726 3.81494931935 1.71560025518 2.47902097726 3.81494931935
0.531545554252 -0.253938819481 -0.37108787101 0.531545554252 -0.253938819481 -0.37108787101
0.500456300236 -0.486566670067 -4.076620514 0.500456300236 -0.486566670067 -4.076620514
1.96375740955 -0.92454451514 10.4066667328 1.96375740955 -0.92454451514 10.4066667328
1.97037078247 -1.61677978203 0.523667695077 1.97037078247 -1.61677978203 0.523667695077
0.153014499211 1.00911253503 13.2503825033 0.153014499211 1.00911253503 13.2503825033
-1.21728628452 0.757417742768 -6.80255777046 -1.21728628452 0.757417742768 -6.80255777046
1.49047809407 -0.622835723446 0.0153722288697 1.59388589424 -0.606438517181 0.16495861111
-0.890350966541 0.396916116175 1.56858276437 -0.890350966541 0.396916116175 1.56858276437
-1.16078954624 1.87830878293 1.74524754956 -1.16078954624 1.87830878293 1.74524754956
1.46525795777 0.857681402291 3.84908960497 1.46525795777 0.857681402291 3.84908960497
1.58360182584 3.02747970082 5.37908947508 1.58360182584 3.02747970082 5.37908947508
0.658843255039 -0.922130847625 -5.3836867104 0.658843255039 -0.922130847625 -5.3836867104
2.08136569408 0.755879630348 -6.44515979491 2.08136569408 0.755879630348 -6.44515979491
0.171640491746 -1.4239943154 6.46057873196 0.171640491746 -1.4239943154 6.46057873196
1.06284337458 -2.2409144969 -0.312280547748 1.06284337458 -2.2409144969 -0.312280547748
0.0855053625766 -0.689602267526 -6.23469785999 0.0855053625766 -0.689602267526 -6.23469785999
1.20078058235 0.163960628602 2.11588894401 1.20078058235 0.163960628602 2.11588894401
0.787293792665 -1.36218279123 3.97717257688 0.787293792665 -1.36218279123 3.97717257688
-1.13037318755 -0.179859732151 8.04078606881 -1.13037318755 -0.179859732151 8.04078606881
-1.05832047057 1.24959787948 -0.365833071078 -1.05832047057 1.24959787948 -0.365833071078
1.69662534534 0.67298337043 -9.53316429623 1.69662534534 0.67298337043 -9.53316429623
1.51639409906 2.46212763447 5.37610664784 1.51639409906 2.46212763447 5.37610664784
-0.208441022399 -0.162561769504 -4.43204421374 -0.208441022399 -0.162561769504 -4.43204421374
1.59388589424 -0.606438517181 0.16495861111 1.49047809407 -0.622835723446 0.0153722288697
-1.44662813617 -1.04289067123 -2.24572677053 -1.44662813617 -1.04289067123 -2.24572677053
0.900040949695 -1.56698787038 4.08199565471 0.900040949695 -1.56698787038 4.08199565471
0.909726792581 0.376201138755 1.7618801243 0.909726792581 0.376201138755 1.7618801243
0.877528172605 0.250125423781 -4.16319088604 0.877528172605 0.250125423781 -4.16319088604
-1.51491385399 -0.401702756939 -5.59145898187 -1.51491385399 -0.401702756939 -5.59145898187
2.36190045715 0.973487590251 -1.25151460982 2.36190045715 0.973487590251 -1.25151460982
-2.30135119257 0.275882264034 -5.30563702134 -2.30135119257 0.275882264034 -5.30563702134
-0.536754527898 1.2446068859 -0.413729616666 -0.536754527898 1.2446068859 -0.413729616666
0.964975766305 -0.750274178195 -3.87536500729 0.964975766305 -0.750274178195 -3.87536500729
0.166089365969 0.967646500902 3.00943427696 0.166089365969 0.967646500902 3.00943427696
0.302171277781 0.35536352625 -0.194827930992 -0.0849633249598 0.0761527559278 -0.24635926897
-2.99356767456 -1.55583820851 1.46604823214 -2.99356767456 -1.55583820851 1.46604823214
-0.108366796185 -0.167916222847 -0.827760275019 -0.108366796185 -0.167916222847 -0.827760275019
2.58769385594 -0.680181352613 -3.51018902091 2.58769385594 -0.680181352613 -3.51018902091
-1.36320119592 0.62834559281 -1.32432157017 -1.36320119592 0.62834559281 -1.32432157017
0.806528010599 -2.16348630184 3.68624654756 0.806528010599 -2.16348630184 3.68624654756
1.4212986571 1.21058613838 1.10709306704 1.4212986571 1.21058613838 1.10709306704
0.0312887618635 -2.50035664231 1.90011671783 0.0312887618635 -2.50035664231 1.90011671783
0.79002513062 1.39336712582 -11.9921897952 0.79002513062 1.39336712582 -11.9921897952
-0.0914689276516 1.26842165252 0.129120382802 -0.0914689276516 1.26842165252 0.129120382802
0.633636253026 0.637651752928 -2.18448875259 0.633636253026 0.637651752928 -2.18448875259
1.08653649166 0.564904049877 -9.12399963023 1.08653649166 0.564904049877 -9.12399963023
2.53872474988 1.14764106647 -7.17954481244 2.53872474988 1.14764106647 -7.17954481244
-0.682672710585 -2.20298917328 -2.27930596651 -0.682672710585 -2.20298917328 -2.27930596651
-0.503781834064 0.695239978154 -5.28586056775 -0.504086431699 0.566692544771 -5.3286007665
1.52012864299 -0.507479547595 -1.58073107314 1.52012864299 -0.507479547595 -1.58073107314
-1.33701045476 1.30037962535 -1.17325876473 -1.33701045476 1.30037962535 -1.17325876473
-0.0524286391831 0.925633621505 6.37696191681 -0.0524286391831 0.925633621505 6.37696191681
-1.34619237981 1.19576729194 2.84386874608 -1.34619237981 1.19576729194 2.84386874608
-1.07776252479 -0.761359508526 -0.824976122766 -1.07776252479 -0.761359508526 -0.824976122766
1.78192007639 -0.26783994264 2.49034841637 1.78192007639 -0.26783994264 2.49034841637
1.66009389175 1.50544528545 -2.88852293139 1.66009389175 1.50544528545 -2.88852293139
-1.53892940598 1.37793045735 -4.87521636389 -1.53892940598 1.37793045735 -4.87521636389
-1.07232045851 -0.476597760404 -4.91543858793 -1.07232045851 -0.476597760404 -4.91543858793
-0.646494678057 -2.46206020224 -0.56461411429 -0.646494678057 -2.46206020224 -0.56461411429
-1.8345070083 0.135919280259 -3.33219370959 -1.8345070083 0.135919280259 -3.33219370959
0.310387546465 0.734856955627 5.40210747481 0.310387546465 0.734856955627 5.40210747481
-0.0448273546351 2.01457706256 -0.0345847122107 -0.0448273546351 2.01457706256 -0.0345847122107
-0.01863607986 -0.243690986682 7.59152412167 -0.01863607986 -0.243690986682 7.59152412167
-1.06879860765 1.46430224232 1.09289410306 -1.06879860765 1.46430224232 1.09289410306
-0.869628700642 0.0648043305969 -3.1172064141 -0.869628700642 0.0648043305969 -3.1172064141
1.17493796575 1.56761210808 -3.1273392831 1.17493796575 1.56761210808 -3.1273392831
-2.9772328664 1.31623022231 1.11868580997 -2.9772328664 1.31623022231 1.11868580997
-1.29625106441 -0.936690013609 4.83689542704 -1.29625106441 -0.936690013609 4.83689542704
0.753958543327 -0.524916282014 7.49875511641 0.388420747313 -0.522430210674 7.3258608271
-1.38768889823 0.864969519241 2.77828098786 -1.38768889823 0.864969519241 2.77828098786
-0.383138149124 -0.718998186682 -6.4801198081 -0.383138149124 -0.718998186682 -6.4801198081
0.913250636813 -0.723371118751 3.50945407431 0.913250636813 -0.723371118751 3.50945407431
-0.933958932931 -1.36723232325 -0.356094237933 -0.933958932931 -1.36723232325 -0.356094237933
-0.76176185973 0.497660900287 -2.40855531122 -0.672995160152 0.243342702385 -2.47665937136
0.729782433004 1.8709461317 3.63601627874 0.729782433004 1.8709461317 3.63601627874
0.566813592089 -0.624150824214 -7.09147750314 0.566813592089 -0.624150824214 -7.09147750314
-0.616023812203 -1.22313425038 -5.79977000749 -0.616023812203 -1.22313425038 -5.79977000749
-0.460881002928 -0.171853870382 5.97190270093 -0.460881002928 -0.171853870382 5.97190270093
0.480461226859 0.186687306598 7.21273424852 0.480461226859 0.186687306598 7.21273424852
0.803701525123 -1.63036263148 -1.74109774516 0.803701525123 -1.63036263148 -1.74109774516
-0.0569834332319 0.692631563062 0.569387240746 -0.0569834332319 0.692631563062 0.569387240746
4.07880509108 -0.738077702272 -1.31840865829 4.07880509108 -0.738077702272 -1.31840865829
-0.891051972585 0.574560737701 3.84788015734 -0.891051972585 0.574560737701 3.84788015734
-0.45594524853 0.617632888572 -1.01007537819 -0.45594524853 0.617632888572 -1.01007537819
0.644994927928 0.388291428375 -3.10760131612 0.644994927928 0.388291428375 -3.10760131612
0.562846954927 0.275609144959 2.27972734795 0.562846954927 0.275609144959 2.27972734795
-1.0200392551 1.20923314238 6.9338438788 -1.0200392551 1.20923314238 6.9338438788
-2.21423886049 -1.2586232082 -5.54819683315 -2.21423886049 -1.2586232082 -5.54819683315
-0.455903454957 0.568387087197 -3.56360585922 -0.455903454957 0.568387087197 -3.56360585922
0.55825599022 -1.36413636326 4.70128776866 0.55825599022 -1.36413636326 4.70128776866
0.353857764588 0.8253974015 -1.0805993367 0.594276812535 0.936943952498 -0.931633823778
0.172699926844 -2.08309246329 -4.39771856163 0.172699926844 -2.08309246329 -4.39771856163
-1.34485450563 0.715049712677 -3.87889971754 -1.34485450563 0.715049712677 -3.87889971754
-2.2546145699 0.811364468283 -3.28276464832 -2.2546145699 0.811364468283 -3.28276464832
-1.44139501641 0.963470728171 -6.77777699802 -1.44139501641 0.963470728171 -6.77777699802
2.52115365837 0.645175533244 -0.718094924941 2.52115365837 0.645175533244 -0.718094924941
1.1542679377 -2.43613005676 -0.0359988109892 1.1542679377 -2.43613005676 -0.0359988109892
1.07638574379 0.914970270817 -1.6902817344 1.07638574379 0.914970270817 -1.6902817344
0.0512106985481 0.14009860712 9.71971194012 0.0512106985481 0.14009860712 9.71971194012
-0.561110785843 0.128382297809 -4.90742211757 -0.688969698616 0.092338563709 -4.79162126613
0.463358847149 1.15454995781 1.5611666673 0.463358847149 1.15454995781 1.5611666673
1.776776302 1.32642974201 2.89309489118 1.776776302 1.32642974201 2.89309489118
0.329274134482 -1.18286112811 -6.37072860262 0.329274134482 -1.18286112811 -6.37072860262
-1.40064036706 1.20602131627 6.01876918143 -1.40064036706 1.20602131627 6.01876918143
-0.404420730439 -0.44233786296 4.78781388381 -0.404420730439 -0.44233786296 4.78781388381
-0.030567754516 2.16089645073 -0.388896699771 -0.030567754516 2.16089645073 -0.388896699771
1.5520498781 -0.852732351991 -6.79901516771 1.5520498781 -0.852732351991 -6.79901516771
0.485471025466 0.514629273205 -5.10687802565 0.485471025466 0.514629273205 -5.10687802565
-0.716254416104 -0.699305254847 1.5440573482 -0.716254416104 -0.699305254847 1.5440573482
1.03330098476 -0.428346478528 -7.81120665592 1.0346886962 -0.53050719668 -7.83072380679
-0.78234500606 1.31833752681 0.183722210702 -0.78234500606 1.31833752681 0.183722210702
-1.4374320831 0.0743144717877 -7.3756965465 -1.4374320831 0.0743144717877 -7.3756965465
0.216177947782 0.801138438353 -4.93767164245 0.0872235460719 0.672077974766 -4.87696584801
0.581600668784 -0.656062980904 4.85873299742 0.581600668784 -0.656062980904 4.85873299742
1.42241098957 -0.87849370096 2.62449685774 1.42241098957 -0.87849370096 2.62449685774
-0.657987758543 0.731914755159 -5.0148720081 -0.657987758543 0.731914755159 -5.0148720081
-0.775590062566 -0.571095655955 -1.62789788065 -0.775590062566 -0.571095655955 -1.62789788065
0.642914891637 0.74566892044 2.38346231414 0.642914891637 0.74566892044 2.38346231414
-0.214380512596 -0.701272433603 12.3580489433 -0.214380512596 -0.701272433603 12.3580489433
-0.718151550285 2.10518108884 -1.00222975773 -0.718151550285 2.10518108884 -1.00222975773
1.57301939938 2.24188127608 0.746453353157 1.57301939938 2.24188127608 0.746453353157
-0.0231312342716 0.63364270686 -1.37816797034 -0.0231312342716 0.63364270686 -1.37816797034
0.91289017497 0.951230437673 -2.07602110488 0.91289017497 0.951230437673 -2.07602110488
0.811666727154 0.324842774231 6.29887525333 0.811666727154 0.324842774231 6.29887525333
-2.42222328866 -0.429041700789 2.93875835074 -2.42222328866 -0.429041700789 2.93875835074
-0.688969698616 0.092338563709 -4.79162126613 -0.561110785843 0.128382297809 -4.90742211757
0.969642995304 -0.979398958176 -0.468781363689 0.969642995304 -0.979398958176 -0.468781363689
-1.68122408829 0.736561489691 3.76575640874 -1.68122408829 0.736561489691 3.76575640874
-1.9304766462 0.164280869604 7.10204674038 -1.9304766462 0.164280869604 7.10204674038
0.664493988197 0.360575999168 -1.34995143159 0.664493988197 0.360575999168 -1.34995143159
-0.0982676276117 -0.584685915463 -3.01355618827 -0.0982676276117 -0.584685915463 -3.01355618827
-0.421277518012 -1.11971491264 0.293663045792 -0.421277518012 -1.11971491264 0.293663045792
-1.43117397601 -0.0909779649074 -3.05539179591 -1.43117397601 -0.0909779649074 -3.05539179591
-0.101451676155 1.60723904136 -3.30790462743 -0.101451676155 1.60723904136 -3.30790462743
0.792500239015 2.45149994408 -9.65350683728 0.792500239015 2.45149994408 -9.65350683728
1.35323137165 0.622520402343 2.3453843342 1.35323137165 0.622520402343 2.3453843342
-2.55393169582 2.27100212112 -2.12303775537 -2.55393169582 2.27100212112 -2.12303775537
0.95555350207 -1.20804137258 -2.08190959212 0.95555350207 -1.20804137258 -2.08190959212
0.46671549939 -0.391404635238 -6.21734284175 0.46671549939 -0.391404635238 -6.21734284175
1.34305041788 0.0212068064493 -2.3427548374 1.24196682559 -0.00146590844123 -2.29806522098
0.0397855284167 -0.222253720223 -3.32113987689 0.0397855284167 -0.222253720223 -3.32113987689
-0.391330309842 0.888475519196 0.507348024414 -0.391330309842 0.888475519196 0.507348024414
0.403298345597 -0.455461987677 5.77889402869 0.403298345597 -0.455461987677 5.77889402869
0.99103334945 0.228749803714 3.21817792357 0.99103334945 0.228749803714 3.21817792357
0.184052979834 -1.08723796779 7.38660757493 0.184052979834 -1.08723796779 7.38660757493
-1.71067495706 2.65329142974 -7.00807812293 -1.71067495706 2.65329142974 -7.00807812293
-1.0926411575 0.482816847031 4.60742644063 -1.0926411575 0.482816847031 4.60742644063
0.0419420229224 0.691371658385 1.6987201766 0.0419420229224 0.691371658385 1.6987201766
-0.786693373324 -1.00751120335 -3.43720838487 -0.786693373324 -1.00751120335 -3.43720838487
0.0240682298076 0.950415834464 5.00963408187 0.0240682298076 0.950415834464 5.00963408187
-0.437297902331 1.27574052396 5.29093946252 -0.437297902331 1.27574052396 5.29093946252
0.613113837785 0.660452577794 6.74295306894 0.613113837785 0.660452577794 6.74295306894
-0.753801274825 0.850328159494 1.43948753974 -0.753801274825 0.850328159494 1.43948753974
-0.800627662334 -0.286280280779 -4.61762983908 -0.800627662334 -0.286280280779 -4.61762983908
-0.504086431699 0.566692544771 -5.3286007665 -0.503781834064 0.695239978154 -5.28586056775
0.886955764045 0.407122524911 1.11930991565 0.886955764045 0.407122524911 1.11930991565
0.767297578444 0.390202973682 1.85035072558 0.767297578444 0.390202973682 1.85035072558
1.92836366579 -0.0234150469809 0.38732269074 1.92836366579 -0.0234150469809 0.38732269074
-0.309799701553 0.899755903821 -2.95118977913 -0.309799701553 0.899755903821 -2.95118977913
1.60266590743 0.895056953545 0.847660963229 1.60266590743 0.895056953545 0.847660963229
4.48704336301 -1.11521593248 8.20561738136 4.48704336301 -1.11521593248 8.20561738136
0.596101710368 0.47961705153 -2.77480458317 0.596101710368 0.47961705153 -2.77480458317
-0.662876354767 0.473498671281 -2.30594499872 -0.662876354767 0.473498671281 -2.30594499872
-0.797689335821 0.578315545646 -2.51226562161 -0.797689335821 0.578315545646 -2.51226562161
1.14289917414 -0.548115990929 2.2074928914 1.14289917414 -0.548115990929 2.2074928914
0.396116708607 -0.570094098667 0.665913481843 0.396116708607 -0.570094098667 0.665913481843
-0.319648839933 0.0377472717367 -1.23073290725 -0.341400411255 0.077215344481 -1.05932841689
-2.13202196449 0.210431869922 2.40478441498 -2.13202196449 0.210431869922 2.40478441498
-0.954568966788 -0.198277608969 -13.4983128215 -0.954568966788 -0.198277608969 -13.4983128215
-0.351764752093 1.93313076293 1.76828375831 -0.351764752093 1.93313076293 1.76828375831
2.11272524913 0.397445232027 -2.82955994693 2.11272524913 0.397445232027 -2.82955994693
0.601218214945 -0.536786811448 -4.74302007441 0.601218214945 -0.536786811448 -4.74302007441
-0.0615140734747 1.12352923697 -2.95081189056 -0.0615140734747 1.12352923697 -2.95081189056
1.23589281419 -0.362725308025 -3.26501040632 1.23589281419 -0.362725308025 -3.26501040632
-0.234051879191 -3.02235251714 4.80294606171 -0.234051879191 -3.02235251714 4.80294606171
-1.86071340825 0.274803579118 1.44128351407 -1.86071340825 0.274803579118 1.44128351407
-2.74740330851 0.193610758134 1.18469086233 -2.74740330851 0.193610758134 1.18469086233
0.883243778792 -1.39375625131 -5.13694053949 0.883243778792 -1.39375625131 -5.13694053949
0.399580804284 -1.36266667794 -0.695586720157 0.399580804284 -1.36266667794 -0.695586720157
-1.35378323442 0.761147856284 -2.41438095042 -1.35378323442 0.761147856284 -2.41438095042
1.40320527052 1.17115194998 -5.89953530299 1.40320527052 1.17115194998 -5.89953530299
1.22040836927 0.553945606672 1.44868329993 1.22040836927 0.553945606672 1.44868329993
0.756436342698 0.0398343174269 0.557812937527 0.756436342698 0.0398343174269 0.557812937527
1.76285676059 1.86465249491 -4.11201543916 1.76285676059 1.86465249491 -4.11201543916
1.34068109673 -0.475172523179 -3.46831051334 1.35435044062 -0.438768566416 -3.43713506244
0.512085478677 -0.351108892671 4.50390079163 0.512085478677 -0.351108892671 4.50390079163
1.34212824562 -0.0766364353209 -8.91920339237 1.34212824562 -0.0766364353209 -8.91920339237
1.03165142727 -0.149070925785 -3.24211018751 1.03165142727 -0.149070925785 -3.24211018751
-1.4470947977 2.08005026452 2.2359430502 -1.4470947977 2.08005026452 2.2359430502
-1.38151422707 -0.498787918906 1.71762583829 -1.38151422707 -0.498787918906 1.71762583829
1.3631387669 1.68232528973 1.28277057046 1.3631387669 1.68232528973 1.28277057046
-0.711304746544 -0.27942122143 -7.81707398287 -0.711304746544 -0.27942122143 -7.81707398287
0.589476937428 -0.449774436413 -4.6489605798 0.589476937428 -0.449774436413 -4.6489605798
-1.21333302311 0.765890961974 -2.59440269895 -1.21333302311 0.765890961974 -2.59440269895
-0.240127511665 0.950689718995 -8.63174110442 -0.240127511665 0.950689718995 -8.63174110442
-0.782001093619 2.18107440393 -0.500881224674 -0.782001093619 2.18107440393 -0.500881224674
-1.96683268009 -0.0174389533091 1.07917530431 -2.05925011415 -0.202107733195 1.36496381058
-0.943509954199 -0.402534746753 -1.14174280159 -0.943509954199 -0.402534746753 -1.14174280159
-0.535110506646 0.340581162082 4.14413257597 -0.535110506646 0.340581162082 4.14413257597
-0.367589319939 2.61799659473 -4.38997337003 -0.367589319939 2.61799659473 -4.38997337003
1.56817071609 0.330630485877 2.96019138719 1.56817071609 0.330630485877 2.96019138719
-1.07896721512 0.0465430503537 3.14014028615 -1.07896721512 0.0465430503537 3.14014028615
0.47848697093 -0.731330213517 2.66454595957 0.47848697093 -0.731330213517 2.66454595957
-0.57414209736 -1.96559189587 -5.22730220461 -0.57414209736 -1.96559189587 -5.22730220461
0.0742504955569 0.628435067502 -0.495707415841 0.126417249776 0.695797779328 -0.107873390161
0.388420747313 -0.522430210674 7.3258608271 0.753958543327 -0.524916282014 7.49875511641
-0.285188934695 0.176262660847 -0.444599594168 -0.285188934695 0.176262660847 -0.444599594168
-0.953870197989 0.549130595395 5.01312278257 -0.953870197989 0.549130595395 5.01312278257
-0.619727966317 -0.48327746717 8.18065025902 -0.619727966317 -0.48327746717 8.18065025902
0.130504198062 1.96317602592 -0.916858857528 0.130504198062 1.96317602592 -0.916858857528
-0.766483300872 0.518594846986 -5.3318282305 -0.766483300872 0.518594846986 -5.3318282305
0.184238707425 1.46958377041 -2.14163690952 0.184238707425 1.46958377041 -2.14163690952
0.335210746601 0.712749213704 -3.40761814466 0.335210746601 0.712749213704 -3.40761814466
-1.68431625955 0.598751200329 -1.28987915742 -1.68431625955 0.598751200329 -1.28987915742
-1.0389901166 -0.778656176866 -1.34479960592 -1.0389901166 -0.778656176866 -1.34479960592
-1.03531608343 1.56064334841 0.43667562386 -1.03531608343 1.56064334841 0.43667562386
1.35435044062 -0.438768566416 -3.43713506244 1.34068109673 -0.475172523179 -3.46831051334
-1.60012296911 -0.360507119499 1.46977632534 -1.60012296911 -0.360507119499 1.46977632534
1.66716793163 -0.274354332375 2.84066066335 1.84204184855 -0.315668861196 2.57344892612
2.83425847555 1.00905573672 -1.79607569374 2.83425847555 1.00905573672 -1.79607569374
0.589243495798 0.0916146301122 0.365720387793 0.959804532029 0.171022908127 0.533903189463
0.578678246422 3.19132274852 4.72839130921 0.578678246422 3.19132274852 4.72839130921
-1.17779045756 0.0399656150326 5.65362000614 -1.17779045756 0.0399656150326 5.65362000614
-1.16854296222 1.73166320012 7.16047596979 -1.16854296222 1.73166320012 7.16047596979
-1.2733427698 -0.427604063733 9.80902049326 -1.2733427698 -0.427604063733 9.80902049326
-1.46999313759 0.532613933253 5.93434372347 -1.46999313759 0.532613933253 5.93434372347
-3.08872516294 1.29011541808 -4.96802626802 -3.08872516294 1.29011541808 -4.96802626802
-0.742999478203 0.785744228822 -0.7631675381 -0.742999478203 0.785744228822 -0.7631675381
-0.748127408799 -0.958744880549 -5.03104389159 -0.748127408799 -0.958744880549 -5.03104389159
-0.770711237507 1.49940399347 7.8316242685 -0.770711237507 1.49940399347 7.8316242685
-0.0849633249598 0.0761527559278 -0.24635926897 0.302171277781 0.35536352625 -0.194827930992
1.36424921035 0.146067054296 -3.83088321761 1.36424921035 0.146067054296 -3.83088321761
1.02564507514 -1.38270356837 0.145219036999 1.02564507514 -1.38270356837 0.145219036999
-1.02427175575 -0.716779550601 0.173727783554 -1.02427175575 -0.716779550601 0.173727783554
1.47922416552 0.665587763804 7.25902299902 1.47922416552 0.665587763804 7.25902299902
1.37145893172 -1.28098241809 9.05516664683 1.37145893172 -1.28098241809 9.05516664683
1.7681518837 0.375047959937 -2.85905147336 1.58961792984 0.64863452249 -2.70511545334
1.84204184855 -0.315668861196 2.57344892612 1.72231197838 -0.162443000088 2.73976725206
-2.1317275823 -0.337430717306 -2.66981240548 -2.1317275823 -0.337430717306 -2.66981240548
0.95210207885 -0.562687652629 3.05491902431 0.95210207885 -0.562687652629 3.05491902431
0.0249224807843 2.94744347053 4.26022046512 0.0249224807843 2.94744347053 4.26022046512
0.491962122644 1.48420156159 -1.2432885234 0.491962122644 1.48420156159 -1.2432885234
-0.854249168253 0.113423368686 -9.15194768966 -0.854249168253 0.113423368686 -9.15194768966
-2.79393750946 -0.923336183787 9.32180952771 -2.79393750946 -0.923336183787 9.32180952771
0.791750321589 -0.139456981939 -1.10859983936 0.791750321589 -0.139456981939 -1.10859983936
-1.11383559933 -0.264957799722 -2.64431370929 -1.11383559933 -0.264957799722 -2.64431370929
0.959804532029 0.171022908127 0.533903189463 0.589243495798 0.0916146301122 0.365720387793
-0.643496499646 1.31980634951 10.1260577634 -0.643496499646 1.31980634951 10.1260577634
1.67343034168 2.31700427454 -2.85892854769 1.67343034168 2.31700427454 -2.85892854769
0.0872235460719 0.672077974766 -4.87696584801 0.216177947782 0.801138438353 -4.93767164245
-1.23264499056 0.0306328197059 -0.541852813588 -1.23264499056 0.0306328197059 -0.541852813588
-0.0873274357713 -0.595022848307 4.34922991771 -0.0873274357713 -0.595022848307 4.34922991771
-0.051687362736 -0.431193285341 3.25780294508 -0.051687362736 -0.431193285341 3.25780294508
-1.32303684099 1.67242026579 -3.43998863304 -1.32303684099 1.67242026579 -3.43998863304
-0.462482568292 -2.66798271517 2.74659589014 -0.462482568292 -2.66798271517 2.74659589014
-0.72592896336 -0.437989149682 -1.80394798357 -0.72592896336 -0.437989149682 -1.80394798357
-1.71741055553 -1.5796483803 -1.18317238121 -1.71741055553 -1.5796483803 -1.18317238121
-0.477412223276 -2.05515825753 7.59760748766 -0.477412223276 -2.05515825753 7.59760748766
2.04834330208 -1.95801627249 -4.02649852393 2.04834330208 -1.95801627249 -4.02649852393
-0.605937888595 2.02201313213 -7.32547834367 -0.605937888595 2.02201313213 -7.32547834367
-2.20044077165 -0.943279135853 -11.1398796668 -2.20044077165 -0.943279135853 -11.1398796668
0.88220937806 -0.397563399608 -6.28901049091 0.88220937806 -0.397563399608 -6.28901049091
-1.35873185092 0.313774975591 8.9285881071 -1.35873185092 0.313774975591 8.9285881071
0.437717598221 1.42929533963 4.67574571975 0.437717598221 1.42929533963 4.67574571975
-1.36903535091 -1.52234104807 5.8196682612 -1.36903535091 -1.52234104807 5.8196682612
1.84223725524 1.47418090876 2.03360840739 1.84223725524 1.47418090876 2.03360840739
0.404012438264 -1.49090622197 -3.25330974527 0.404012438264 -1.49090622197 -3.25330974527
-1.55275785143 -2.55078891277 3.26013527616 -1.55275785143 -2.55078891277 3.26013527616
0.152261274458 0.561053770808 -0.645391213713 0.152261274458 0.561053770808 -0.645391213713
2.96286174089 1.74269635415 5.81877929486 2.96286174089 1.74269635415 5.81877929486
0.538025652669 0.532247422384 -3.84117570831 0.538025652669 0.532247422384 -3.84117570831
-0.809978933609 -2.01495216748 -5.93827795534 -0.809978933609 -2.01495216748 -5.93827795534
-0.974897485744 0.633128025025 3.75053334221 -0.974897485744 0.633128025025 3.75053334221
0.57188005121 -2.26668411348 8.17374424885 0.57188005121 -2.26668411348 8.17374424885
0.983483350657 0.862988892932 -1.88822531461 0.983483350657 0.862988892932 -1.88822531461
-0.679665086879 0.917246356685 10.5170109971 -0.679665086879 0.917246356685 10.5170109971
-0.341400411255 0.077215344481 -1.05932841689 -0.29331148053 0.2414958857 -1.10045813661
2.9212419833 2.62869622217 -6.0696892982 2.9212419833 2.62869622217 -6.0696892982
-0.186073911119 0.484758033739 -0.119050660529 -0.186073911119 0.484758033739 -0.119050660529
0.279483391706 -1.18828987092 -8.9241468725 0.279483391706 -1.18828987092 -8.9241468725
-1.73495105075 -0.18892798605 1.64929939575 -1.73495105075 -0.18892798605 1.64929939575
0.0369597729027 -0.562466187507 1.55867617281 0.0369597729027 -0.562466187507 1.55867617281
0.993991410844 2.30593334477 2.586218347 0.993991410844 2.30593334477 2.586218347
1.26010406111 0.230848105861 -9.80721992552 1.26010406111 0.230848105861 -9.80721992552
0.783518759048 -0.621752178691 -2.71964222272 0.783518759048 -0.621752178691 -2.71964222272
-1.3869811748 -1.7954217356 1.1802246797 -1.3869811748 -1.7954217356 1.1802246797
-1.1122589248 -0.530007757747 0.587868066747 -1.1122589248 -0.530007757747 0.587868066747
-0.857286046219 1.06378661266 2.58905863558 -0.857286046219 1.06378661266 2.58905863558
-1.03173633389 -1.13808577907 1.92602167805 -1.03173633389 -1.13808577907 1.92602167805
1.66865357044 2.82955685302 7.8694945457 1.66865357044 2.82955685302 7.8694945457
-0.446676499181 0.942383330195 3.95938671055 -0.457937887729 0.712981612635 4.00012775407
1.72231197838 -0.162443000088 2.73976725206 1.66716793163 -0.274354332375 2.84066066335
1.0346886962 -0.53050719668 -7.83072380679 1.03330098476 -0.428346478528 -7.81120665592
0.30732917688 -0.243037506465 -0.65334372932 0.30732917688 -0.243037506465 -0.65334372932
-1.74369606019 0.670643927051 -0.878947703367 -1.74369606019 0.670643927051 -0.878947703367
2.90617969191 1.57170798099 1.76472825606 2.90617969191 1.57170798099 1.76472825606
1.35718629869 -0.480650655283 0.246251837814 1.35718629869 -0.480650655283 0.246251837814
-0.898687666635 1.27055617278 5.10232842853 -0.898687666635 1.27055617278 5.10232842853
1.28555931278 1.52281662207 6.05997244623 1.28555931278 1.52281662207 6.05997244623
1.92127606182 -2.22681214406 -1.94490006629 1.92127606182 -2.22681214406 -1.94490006629
1.75826556042 0.320119474147 -1.77849071327 1.75826556042 0.320119474147 -1.77849071327
-0.385762461485 -0.831285669218 0.968635562057 -0.385762461485 -0.831285669218 0.968635562057
-0.80865939369 0.766320653286 -4.72682675317 -0.80865939369 0.766320653286 -4.72682675317
2.91141996603 0.337143201158 6.23331241502 2.91141996603 0.337143201158 6.23331241502
-1.61268256714 -1.74515188949 -3.02358640602 -1.61268256714 -1.74515188949 -3.02358640602
0.842405552615 2.06365821701 5.21296543437 0.842405552615 2.06365821701 5.21296543437
-1.28100071426 -0.647291140269 1.39603521624 -1.28100071426 -0.647291140269 1.39603521624
1.39038405354 -1.2451904201 3.37443121345 1.39038405354 -1.2451904201 3.37443121345
0.726139562065 0.0134690948681 -3.01526198738 0.726139562065 0.0134690948681 -3.01526198738
0.327455679214 -0.275226031215 6.5184354239 0.327455679214 -0.275226031215 6.5184354239
-1.37255356096 -1.90767266696 -0.116987852425 -1.37255356096 -1.90767266696 -0.116987852425
0.606437856614 -2.65537139557 -3.52580954907 0.606437856614 -2.65537139557 -3.52580954907
-3.06004426886 -0.0216340734222 -4.30892115275 -3.06004426886 -0.0216340734222 -4.30892115275
1.29763264675 0.841188483135 -6.41481017648 1.29763264675 0.841188483135 -6.41481017648
1.60235945276 2.5562743591 -3.98487987571 1.60235945276 2.5562743591 -3.98487987571
-0.841102759175 -0.535255040328 -2.47283366468 -0.841102759175 -0.535255040328 -2.47283366468
1.04829318138 -0.754616062855 0.338300950746 1.04829318138 -0.754616062855 0.338300950746
-0.790061436561 1.02250785051 1.03977553553 -0.790061436561 1.02250785051 1.03977553553
0.342761288961 0.454444021104 -2.27175651051 0.342761288961 0.454444021104 -2.27175651051
-0.983384505074 0.541037739123 -5.46508977405 -0.983384505074 0.541037739123 -5.46508977405
-0.837201749037 -0.423121297045 5.54574049133 -0.837201749037 -0.423121297045 5.54574049133
-0.999805145025 4.11028707001 -1.57145892445 -0.999805145025 4.11028707001 -1.57145892445
0.899918660356 -1.01511268379 -7.05078261441 0.899918660356 -1.01511268379 -7.05078261441
1.10333705738 0.579943886855 -2.84426924344 1.10333705738 0.579943886855 -2.84426924344
-0.339284484216 -1.38040159565 -1.27606486249 -0.339284484216 -1.38040159565 -1.27606486249
0.849662009401 1.05953212027 5.36466796356 0.849662009401 1.05953212027 5.36466796356
1.57930860107 -0.28058478299 -0.267803432673 1.57930860107 -0.28058478299 -0.267803432673
2.1162477053 0.195553794296 4.68164709811 2.1162477053 0.195553794296 4.68164709811
-1.28941839956 -1.19277002218 -4.95449679044 -1.28941839956 -1.19277002218 -4.95449679044
0.753233341023 -0.191803059629 2.57158273147 0.753233341023 -0.191803059629 2.57158273147
0.0356789572906 1.12039330918 0.29684359038 0.0356789572906 1.12039330918 0.29684359038
0.305583440893 -0.450392257638 4.23744053248 0.305583440893 -0.450392257638 4.23744053248
0.243135293345 0.0458720531942 6.37130640684 0.243135293345 0.0458720531942 6.37130640684
0.414750897871 0.650328846593 -4.63691055544 0.414750897871 0.650328846593 -4.63691055544
1.54198566176 0.261748668189 -5.91067112763 1.54198566176 0.261748668189 -5.91067112763
0.728057116417 1.24880164963 1.30060590139 0.728057116417 1.24880164963 1.30060590139
-0.672995160152 0.243342702385 -2.47665937136 -0.76176185973 0.497660900287 -2.40855531122
-0.0427884518088 0.433926552073 -2.23301914582 -0.256861770375 0.592958865441 -2.08445014441
1.34569304982 -0.240976862001 -0.666324484826 1.37299312882 0.0117677357467 -0.752590888547
1.14586223523 -0.966177562683 -4.02417299996 1.14586223523 -0.966177562683 -4.02417299996
1.50797713651 1.43229554664 1.37866218803 1.50797713651 1.43229554664 1.37866218803
-0.156179471141 2.498117259 -5.99076965573 -0.156179471141 2.498117259 -5.99076965573
-0.256861770375 0.592958865441 -2.08445014441 -0.0427884518088 0.433926552073 -2.23301914582
-2.46831713332 -1.22593680324 -1.49657586407 -2.46831713332 -1.22593680324 -1.49657586407
1.21985116246 0.0715194783605 6.41643089215 1.21985116246 0.0715194783605 6.41643089215
1.07554102228 0.666075135822 9.96085822399 1.07554102228 0.666075135822 9.96085822399
0.60706344194 -1.26829331605 6.11491836625 0.60706344194 -1.26829331605 6.11491836625
0.729039343826 0.0571022392195 -3.59697067856 0.729039343826 0.0571022392195 -3.59697067856
0.98061843447 1.97517014286 -1.77131791355 0.98061843447 1.97517014286 -1.77131791355
-0.29331148053 0.2414958857 -1.10045813661 -0.319648839933 0.0377472717367 -1.23073290725
0.55090216528 -0.211059162274 -5.29276397956 0.55090216528 -0.211059162274 -5.29276397956
2.20915539278 1.30031495037 -0.248262913148 2.20915539278 1.30031495037 -0.248262913148
-0.290908585262 -1.01836276545 8.78465718381 -0.290908585262 -1.01836276545 8.78465718381
-1.31045544464 -1.88876660599 -6.63239877565 -1.31045544464 -1.88876660599 -6.63239877565
0.795481073846 -1.06912337835 -3.47797115958 0.795481073846 -1.06912337835 -3.47797115958
-0.419108347734 0.271235661953 -4.55606222477 -0.419108347734 0.271235661953 -4.55606222477
-0.502491847877 0.297427652697 3.59829622679 -0.502491847877 0.297427652697 3.59829622679
0.931385155204 -0.537800794351 2.90839104715 0.931385155204 -0.537800794351 2.90839104715
-0.529959801668 0.495752601897 3.44768514221 -0.529959801668 0.495752601897 3.44768514221
0.573580446602 0.266568262828 9.97657341105 0.573580446602 0.266568262828 9.97657341105
1.74115823701 0.0213524554588 -0.723117056894 1.74115823701 0.0213524554588 -0.723117056894
-1.92690442308 -0.357880461462 -3.1445168153 -1.92690442308 -0.357880461462 -3.1445168153
-0.997212170796 0.867674350433 1.05760436705 -0.997212170796 0.867674350433 1.05760436705
-0.71019012399 0.020936588394 -2.09292365831 -0.71019012399 0.020936588394 -2.09292365831
-0.129163360702 0.80226590054 -4.47664177889 -0.129163360702 0.80226590054 -4.47664177889
-0.561543196004 0.676434331697 -4.73487135573 -0.561543196004 0.676434331697 -4.73487135573
-1.30783665813 -2.24339038251 3.09483263999 -1.30783665813 -2.24339038251 3.09483263999
-0.160067549619 0.236971589103 -8.44147088821 -0.160067549619 0.236971589103 -8.44147088821
-0.33968345169 -0.248003434845 1.88561938765 -0.33968345169 -0.248003434845 1.88561938765
0.24329926525 0.696226538845 -0.0497457326231 0.0742504955569 0.628435067502 -0.495707415841
0.23984379788 0.132273526482 -9.76984618432 0.23984379788 0.132273526482 -9.76984618432
0.537983224514 -1.50887242858 3.56899897097 0.537983224514 -1.50887242858 3.56899897097
-1.15987983376 -0.822649580856 -2.23191002967 -1.15987983376 -0.822649580856 -2.23191002967
1.09838277753 0.327010818032 -4.94492008815 1.09838277753 0.327010818032 -4.94492008815
-0.620208238728 -0.45879881592 -0.844972588644 -0.620208238728 -0.45879881592 -0.844972588644
-1.56190068877 1.80446940065 0.448848467716 -1.56190068877 1.80446940065 0.448848467716
1.2837560455 0.0408492194736 0.281790779964 1.2837560455 0.0408492194736 0.281790779964
-0.590898760705 0.82129862016 -2.85645425016 -0.55357873668 0.77091907205 -2.79508778457
0.3363444266 -0.299838001313 1.16258724424 0.3363444266 -0.299838001313 1.16258724424
0.807900889968 0.23979836477 -4.23254281729 0.807900889968 0.23979836477 -4.23254281729
-0.434899195587 2.34161536959 -0.821352960509 -0.434899195587 2.34161536959 -0.821352960509
1.6848768721 -0.779231053346 -1.66824882233 1.6848768721 -0.779231053346 -1.66824882233
0.253139881135 1.97157147317 -0.396144099861 0.253139881135 1.97157147317 -0.396144099861
0.607050573403 -1.26736403272 -5.8510516359 0.607050573403 -1.26736403272 -5.8510516359
0.509197504368 -1.74825782411 -6.10998317717 0.509197504368 -1.74825782411 -6.10998317717
1.10338034261 -1.62448770271 5.37671691827 1.10338034261 -1.62448770271 5.37671691827
1.41744978969 1.20499829777 -7.69342999588 1.41744978969 1.20499829777 -7.69342999588
1.2351450879 0.114259917991 -5.26786274483 1.2351450879 0.114259917991 -5.26786274483
-0.153251505274 0.300085914179 -4.09226642438 -0.153251505274 0.300085914179 -4.09226642438
-1.66073398625 -0.973354675 -1.52463670524 -1.66073398625 -0.973354675 -1.52463670524
0.359940937142 2.05834173676 -3.30073402079 0.359940937142 2.05834173676 -3.30073402079
