0.669311640816 0.276406525234 0.346564105684 0.737080241275 0.194833782564 0.244746054197
-0.672233653266 -0.134688569358 0.888895708949 -0.730068902908 0.0954123430567 1.14448337395
1.58738425211 -0.110916158847 -1.582437398 1.58204377213 -0.212123037987 -1.80961988449
4.62748811439 0.834610472729 3.4920226939 4.62748811439 0.834610472729 3.4920226939
-1.03772583373 -0.185518657374 0.603821349065 -0.978986871472 -0.218069696689 0.706427403705
0.669546519768 0.202843986481 0.458936016869 0.766757130657 -0.0433831487524 0.747966954013
0.240015079087 0.281659756611 0.0139637805493 -0.127799427695 0.00368335321585 0.191348568059
1.51157880305 -0.0413352979888 0.999709148906 1.50914712568 -0.16594957259 0.806634979878
0.737080241275 0.194833782564 0.244746054197 0.669311640816 0.276406525234 0.346564105684
-0.110252076176 -0.140405295427 0.20779893937 -0.561378351557 0.00253576513028 0.536266476133
-1.33853544563 0.410895341929 -0.687756228097 -1.33069247928 0.273335308643 -1.28492389949
-0.923067567716 0.288609331636 0.644277089732 -0.329276198489 0.199681727955 0.703464025779
0.90820566446 0.0329469454898 -1.86909866345 0.90820566446 0.0329469454898 -1.86909866345
-1.01426260073 0.152889622566 -1.35493516635 -0.744797139223 0.443098953491 -1.10070265146
-2.05516835009 -0.0690195668782 -3.45008728479 -2.05516835009 -0.0690195668782 -3.45008728479
0.789669331716 -0.101325497221 0.863882604409 0.900461640954 0.285675334387 0.473013354856
0.596438602679 -0.16026639305 -0.15628937518 0.942405415009 0.218435579469 0.1455575811
-0.238786089297 -0.32801796616 2.52848189584 -0.632450998943 -0.166699843582 2.33859210653
0.798497346401 0.576560390869 0.273488273312 0.538084173134 0.698722876482 -0.294881668803
-0.125745102695 0.774266530973 1.82123798477 -0.501202270566 0.0970911816524 1.21947806115
2.68835570634 -0.482748187133 -0.0049515311687 2.71065156169 -0.194644072744 -0.158088826565
-0.0642374575659 0.0727771856113 -4.97344949086 -0.0642374575659 0.0727771856113 -4.97344949086
0.832864694865 0.527089427606 4.57953193395 0.832864694865 0.527089427606 4.57953193395
-0.0513628772976 0.0157260849635 -2.33101027617 -0.425035708613 -0.29902674495 -2.74742531353
0.000815920060265 -0.0239567733802 1.22249356912 -0.370304300316 0.77566077024 1.90609062905
-0.118379258566 0.313386878366 0.552146827451 0.241089845982 0.0738597995507 0.589630744206
3.01060559714 0.228851793921 1.89140156872 3.01060559714 0.228851793921 1.89140156872
2.48280090459 -0.833875520942 -0.0146643345342 2.48752107204 -0.581813546513 -0.108364799739
0.709636931568 -0.266727241521 1.39330916009 0.641415898911 0.0705283177772 1.37076494505
-5.10163930945 0.849540229976 -2.84431186111 -5.10163930945 0.849540229976 -2.84431186111
0.641415898911 0.0705283177772 1.37076494505 0.683992342563 -0.0133820046183 0.933365469018
-0.993111646685 0.568409803951 -0.752803049003 -0.993111646685 0.568409803951 -0.752803049003
-1.36324666962 -0.324653146923 0.438965775639 -1.43863480059 -0.0646538425493 -0.0806836224118
-3.95362358571 -0.780916610438 -2.78026302171 -3.95362358571 -0.780916610438 -2.78026302171
-1.18961381646 0.212319008712 -0.235862443478 -0.810866110912 0.106526244437 0.0203561532964
0.942405415009 0.218435579469 0.1455575811 0.636462449041 -0.356196796956 0.219264548599
0.0952464429346 1.02026854697 4.17773250316 0.0952464429346 1.02026854697 4.17773250316
-0.890430766812 -0.449916411639 0.147883018106 -0.890430766812 -0.449916411639 0.147883018106
-1.49757209445 -0.661293914922 -1.13314311425 -1.49757209445 -0.661293914922 -1.13314311425
1.23372970485 0.207939580175 2.43754615786 0.994298142778 0.186058107982 2.07523230691
-1.54397579877 0.0064682467032 2.57058649892 -1.88359907946 -0.237391111849 2.7620245018
-1.22905214772 -0.10963862475 -0.261531893226 -1.31782681788 -0.222135027801 -0.509603020261
0.743951662551 -0.190229695154 1.09254700844 1.08638764425 -0.248749326097 1.48937164673
-3.54492429021 -0.48800752353 2.43397061691 -3.54492429021 -0.48800752353 2.43397061691
-1.94250894298 0.457704523452 0.928232014453 -1.64473532242 0.563962338011 0.833875094345
-1.05320731927 0.19705369745 0.108358381567 -1.07643337245 0.467395394338 0.107027131077
-0.477143061641 -0.0395320633979 1.09232542215 -0.477143061641 -0.0395320633979 1.09232542215
-0.0860865726634 0.0124534650307 0.278807992542 -0.0350638885223 -0.289303296236 0.241610597879
-0.750784448573 -0.227720353683 4.96070789268 -0.750784448573 -0.227720353683 4.96070789268
0.775615867588 -0.783660103057 -2.18219164593 0.692056071426 -0.951954585214 -2.01448534067
-0.108559627 0.515065659914 0.797649989641 0.000815920060265 -0.0239567733802 1.22249356912
0.476832869427 -0.517744866445 0.897311241384 0.894283199799 -0.546448243896 1.140250405
0.0184953860731 0.241882665096 0.199809807044 0.12831990953 -0.0950655106283 0.158624580746
-2.46557344465 0.517056756657 -0.581564399244 -2.56983265374 0.274834040117 -1.08410936322
-4.94271719193 -1.01956443767 6.41433619484 -4.94271719193 -1.01956443767 6.41433619484
-0.520367262014 0.253053224298 -0.266228014659 -0.923917069647 0.547926467269 -0.449383516592
-0.370304300316 0.77566077024 1.90609062905 -0.125745102695 0.774266530973 1.82123798477
-0.219260288902 -0.102644564101 -0.183782481771 -0.365410464103 -0.469893625611 -0.128936207538
2.14311985441 -0.38844964898 0.42202124254 2.2175980678 -0.397843048303 0.181189410201
-0.15258009757 0.20411595535 0.50120864528 -0.234092564942 0.133743771036 0.725024898941
-0.0540950596344 -0.306767095962 0.101856056783 -0.239104883763 0.0743166777338 -0.0519319365912
0.0997408736757 -0.23088374653 0.536157249838 -0.158539273438 -0.0623642119559 0.139772396766
-0.0809242336604 -0.180192086485 -2.42775210458 -0.0513628772976 0.0157260849635 -2.33101027617
-1.45147617184 -0.0724257178569 -6.16927196828 -1.45147617184 -0.0724257178569 -6.16927196828
-1.13038567856 0.233151599309 3.23683453801 -1.13038567856 0.233151599309 3.23683453801
-0.485743101627 0.770390158668 -0.411256597365 -0.751747309397 0.157931336241 -0.30669111807
0.614253868207 0.767356753077 -2.23825816308 0.614253868207 0.767356753077 -2.23825816308
0.154729968357 -0.13952945771 -0.482753549559 0.704645189583 -0.533597509887 -0.368423833095
-1.53963491772 0.0872940407008 -0.984764451776 -1.35467986507 0.378451729351 -0.257011845255
-0.0568073187431 0.330526010122 0.156034799041 0.3208038301 0.440213563355 -0.191872171659
0.969075830691 0.177751553429 0.977160811942 1.27826887208 -0.225669938209 0.83850626397
-0.902857758194 -0.376591128585 -1.79034973195 -1.34148644374 -0.42390389604 -1.79842537845
-3.97376435626 -0.104380824262 0.691691432423 -3.97376435626 -0.104380824262 0.691691432423
4.06811712992 0.28669215563 -1.8550221389 4.06811712992 0.28669215563 -1.8550221389
1.73135814136 1.12331852161 -0.704611828357 1.30555191824 0.74329113786 -0.740046220668
-0.00280618225879 0.146958782784 -0.0973938596164 -0.00280618225879 0.146958782784 -0.0973938596164
-1.09208946841 0.495662572868 -0.475802387823 -1.09208946841 0.495662572868 -0.475802387823
0.0572420110214 0.0533523404842 -0.248888097911 0.128246872634 -0.00186613231208 -0.436618563276
1.45642781179 -0.313888605679 7.46142062248 1.45642781179 -0.313888605679 7.46142062248
-0.441541273742 0.492163679561 1.52416907197 -0.556851836759 -0.0285468296577 1.22307594538
-1.70915829603 -0.427878024355 -3.35222412657 -1.70915829603 -0.427878024355 -3.35222412657
0.767757367567 0.0585507018156 -2.29409730109 0.767757367567 0.0585507018156 -2.29409730109
2.48752107204 -0.581813546513 -0.108364799739 2.68835570634 -0.482748187133 -0.0049515311687
-0.127799427695 0.00368335321585 0.191348568059 -0.344295014602 0.0466915676036 0.535359624594
0.454879993685 0.0670902739143 1.02324000222 0.59983768026 0.242882235656 0.696756472153
1.76232647842 0.361131011044 -0.573944319835 1.76232647842 0.361131011044 -0.573944319835
0.121523510011 0.0703074682299 0.765203983042 0.121523510011 0.0703074682299 0.765203983042
1.27826887208 -0.225669938209 0.83850626397 1.51157880305 -0.0413352979888 0.999709148906
-0.698655778129 -0.283685571981 2.25198932488 -0.508193725911 -0.175036108237 2.33165504516
0.704048615831 0.605597945773 -5.37187243273 0.704048615831 0.605597945773 -5.37187243273
-1.43863480059 -0.0646538425493 -0.0806836224118 -1.34260306551 0.242523184881 -0.67301344746
2.09261864945 0.114235256986 1.15267228727 2.09261864945 0.114235256986 1.15267228727
-1.64473532242 0.563962338011 0.833875094345 -1.94250894298 0.457704523452 0.928232014453
-0.337414984859 -0.169871526812 -0.844370053346 -0.337414984859 -0.169871526812 -0.844370053346
-0.497956771662 0.24353347836 0.403401302189 -0.551546138845 0.58561236972 0.190804530688
-4.67397024394 0.425729479741 0.642625874333 -4.67397024394 0.425729479741 0.642625874333
-1.05931083924 0.187008187014 0.624709748925 -0.206247374305 0.0953226493454 0.202361330991
4.31868212459 0.938308920199 -1.68274476695 4.31868212459 0.938308920199 -1.68274476695
-1.27164770569 -0.233794764956 -6.00714172425 -1.27164770569 -0.233794764956 -6.00714172425
-3.31569295273 0.319358428655 0.519959024351 -3.31569295273 0.319358428655 0.519959024351
0.0117733482975 0.266361310642 1.23084560937 0.513964029587 0.230947831605 0.957717583532
0.353768105649 0.146723058515 1.19459585982 0.353768105649 0.146723058515 1.19459585982
-0.432565866504 0.410030205888 -0.634876811104 -0.432565866504 0.410030205888 -0.634876811104
1.15140463079 -0.11074805345 0.721119977637 1.13052857422 0.165928029367 0.503833053571
1.99389618473 -0.154850537921 0.361523917861 1.43475702253 -0.223950103454 0.705742920428
1.76653024145 -0.327570911655 -2.34639076115 1.54683353492 -0.0924472226162 -2.47225348821
-2.41082494426 -0.695198580986 -2.19615276877 -2.41082494426 -0.695198580986 -2.19615276877
0.861112121804 0.533424867438 0.723252494257 0.824906983449 0.346280296991 0.86752543335
0.769999420085 -0.276170280522 0.110837720828 0.889266751244 -0.0874985349082 0.365332115229
0.757019114169 -0.25502985518 -2.83456587793 0.72875815165 -0.580431474878 -2.90296752777
6.06670036817 0.209738647843 -3.82974198307 6.06670036817 0.209738647843 -3.82974198307
-0.556851836759 -0.0285468296577 1.22307594538 -0.832533932814 0.488764644652 0.957166967828
2.20335390704 0.539600665101 1.97307763856 2.20335390704 0.539600665101 1.97307763856
-1.91454802839 -0.235633950871 -2.82659116433 -2.45810650242 -0.44220390678 -2.81726048271
-3.07793748985 0.687064124466 3.65571557553 -3.07793748985 0.687064124466 3.65571557553
-1.01119574893 -0.353696009213 -0.807888076769 -0.787903135748 -0.538867826582 -0.664728776166
-1.08238945566 -0.0144690316703 -1.3930336701 -1.15982182667 -0.0624942412066 -1.27182832482
0.708800759002 -0.335722513437 1.19150198336 0.612617164793 -0.343218970764 1.37369182535
-0.652135430375 -0.0518266261079 0.509714365736 -0.638651929357 0.0346738621826 0.484884880059
-0.487533408214 0.336146722155 -4.79858028346 -0.487533408214 0.336146722155 -4.79858028346
-0.838915971283 0.364185330167 -0.710322531474 -1.18961381646 0.212319008712 -0.235862443478
0.891498813301 0.214822432909 0.169411402088 0.681226964627 0.396765327252 0.606295532566
1.08602207366 0.201930925469 0.498387666932 1.33437286937 0.229616327559 0.506648016842
-0.425035708613 -0.29902674495 -2.74742531353 -0.0809242336604 -0.180192086485 -2.42775210458
3.12437443523 0.319750718744 6.37501796659 3.12437443523 0.319750718744 6.37501796659
1.00294447704 0.964517902707 -0.360427863254 1.73135814136 1.12331852161 -0.704611828357
2.38877665614 -0.824503598682 5.39188509952 2.38877665614 -0.824503598682 5.39188509952
1.68976370514 -0.399694786021 9.02424716465 1.68976370514 -0.399694786021 9.02424716465
-0.234092564942 0.133743771036 0.725024898941 -0.171402479941 0.637437184145 1.37779500402
-1.16594032207 -1.05398827269 -1.62655439364 -1.16594032207 -1.05398827269 -1.62655439364
-2.79976661862 0.268245696012 0.907323098227 -2.79976661862 0.268245696012 0.907323098227
-4.58588404866 -0.559107616815 1.31824706447 -4.58588404866 -0.559107616815 1.31824706447
1.08332556889 -0.450260316519 0.987829054272 1.15140463079 -0.11074805345 0.721119977637
-0.501202270566 0.0970911816524 1.21947806115 -0.544990429245 -0.138175155113 0.690718724153
1.6110623166 -0.664178216037 1.63088557436 1.67714829011 -0.737941581146 1.65462526411
-2.90045734234 -0.0359281920329 -2.58034525761 -2.90045734234 -0.0359281920329 -2.58034525761
-2.69468733659 0.443565308408 -3.02816697366 -2.69468733659 0.443565308408 -3.02816697366
1.79903662079 -0.0549737682087 1.27409388742 1.74145732356 -0.0743455108578 1.11835150626
3.98011368495 -0.531365765019 -1.82777540096 3.98011368495 -0.531365765019 -1.82777540096
-2.46651461499 1.32941426472 0.350227999499 -2.46651461499 1.32941426472 0.350227999499
0.62221480429 0.0773537284685 0.677581342734 0.644055115174 0.165753418063 0.423018740858
0.607636205236 1.00081970165 2.0920210737 0.607636205236 1.00081970165 2.0920210737
-0.733782942857 -0.0522871960908 -0.20630184736 -1.36324666962 -0.324653146923 0.438965775639
8.40084470732 -0.125419328498 0.400102465382 8.40084470732 -0.125419328498 0.400102465382
-3.70034950353 -0.6551136111 6.78641077754 -3.70034950353 -0.6551136111 6.78641077754
-0.744797139223 0.443098953491 -1.10070265146 -0.348624542641 0.412744932147 -0.599575782404
-0.810866110912 0.106526244437 0.0203561532964 -0.838915971283 0.364185330167 -0.710322531474
1.67725313075 0.579163105576 7.30878013324 1.67725313075 0.579163105576 7.30878013324
1.26428328841 -0.926282498651 1.89556331231 1.26428328841 -0.926282498651 1.89556331231
1.30555191824 0.74329113786 -0.740046220668 0.748350162912 0.538476301142 -0.405161649487
-0.611279065319 -0.408904065294 2.02688128423 -0.611279065319 -0.408904065294 2.02688128423
-0.514416453793 -0.340342749445 -0.455038783972 -0.514416453793 -0.340342749445 -0.455038783972
1.08638764425 -0.248749326097 1.48937164673 0.743951662551 -0.190229695154 1.09254700844
2.9068255983 -0.359718789651 0.144926314827 2.48280090459 -0.833875520942 -0.0146643345342
4.16838491361 -0.467109023757 7.33597075269 4.16838491361 -0.467109023757 7.33597075269
6.37416477754 -0.234203640999 0.618521034969 6.37416477754 -0.234203640999 0.618521034969
-2.38567305452 0.568256681009 0.684977471596 -2.38567305452 0.568256681009 0.684977471596
0.158353959466 -0.565988474201 1.24043818941 0.158353959466 -0.565988474201 1.24043818941
-2.64334166162 0.413109057759 3.61265203373 -2.64334166162 0.413109057759 3.61265203373
-1.33518528196 0.443552174037 1.51839517263 -1.40457608294 0.436058880746 1.37217965265
5.55734285657 -1.00749091054 1.60739292839 5.55734285657 -1.00749091054 1.60739292839
1.91607882059 -0.0196678782418 -3.46193804261 2.06075768927 0.0630178892768 -3.79023969543
-1.31782681788 -0.222135027801 -0.509603020261 -1.22905214772 -0.10963862475 -0.261531893226
-6.10037075768 0.516962725809 4.05485809358 -6.10037075768 0.516962725809 4.05485809358
0.908320899472 0.443449219637 1.70412777372 0.908320899472 0.443449219637 1.70412777372
-0.308515217836 -0.914806202229 3.35822087921 -0.308515217836 -0.914806202229 3.35822087921
-0.928124344401 0.542017440705 -1.36133255563 -0.952771618157 0.401953741963 -1.18542170419
1.60387552117 -0.97629185578 -3.03229675289 1.60387552117 -0.97629185578 -3.03229675289
2.24330916784 -0.14536728107 -0.763305649739 2.24330916784 -0.14536728107 -0.763305649739
-4.3581630717 -0.615681514214 1.27325426791 -4.3581630717 -0.615681514214 1.27325426791
0.504846692769 0.598716552442 -0.337533032679 0.521040069763 0.210167414352 0.0934481612096
-1.34148644374 -0.42390389604 -1.79842537845 -0.902857758194 -0.376591128585 -1.79034973195
2.29623894429 -0.259221095192 6.82728659032 2.29623894429 -0.259221095192 6.82728659032
0.492113484053 -0.171550601985 -0.0756589176755 1.03162373198 -0.0802899874343 0.397946191542
-0.40047506453 -0.350156584874 0.108702600514 -0.413811750588 -0.29046711413 0.154964111696
3.45825352156 -0.340582536122 6.71248444986 3.45825352156 -0.340582536122 6.71248444986
-2.43207061656 -1.04986358878 -0.914308298784 -2.43207061656 -1.04986358878 -0.914308298784
-3.0771799694 -0.0667211296346 -0.0474678808085 -3.0771799694 -0.0667211296346 -0.0474678808085
3.16047902061 0.792871654425 2.79149360869 3.16047902061 0.792871654425 2.79149360869
-0.158539273438 -0.0623642119559 0.139772396766 -0.219260288902 -0.102644564101 -0.183782481771
3.67273422397 -1.00542475129 2.46277363852 3.67273422397 -1.00542475129 2.46277363852
-0.365410464103 -0.469893625611 -0.128936207538 -0.629805367191 0.0642386616968 -0.195641866655
0.350060675405 -0.029595446772 -0.745957697653 0.154729968357 -0.13952945771 -0.482753549559
0.766757130657 -0.0433831487524 0.747966954013 0.762322664698 0.121001178204 0.909507735396
0.59983768026 0.242882235656 0.696756472153 0.402115207629 0.131877867452 -0.218021388854
0.303716268005 1.34702555605 1.09091155948 0.303716268005 1.34702555605 1.09091155948
4.03254218999 -0.200790377524 4.79206797391 4.03254218999 -0.200790377524 4.79206797391
-2.88084586163 -1.10311198395 5.65724404931 -2.88084586163 -1.10311198395 5.65724404931
1.21469165389 -0.59266291925 1.87983249305 1.21469165389 -0.59266291925 1.87983249305
-4.84580801316 -0.218320933416 2.319657878 -4.84580801316 -0.218320933416 2.319657878
-0.923917069647 0.547926467269 -0.449383516592 -1.33853544563 0.410895341929 -0.687756228097
2.73589442841 0.583420844276 -0.901149687954 2.73589442841 0.583420844276 -0.901149687954
5.42814586024 0.802878356561 2.72117699979 5.42814586024 0.802878356561 2.72117699979
4.84468588025 -0.12307288251 -3.72266164057 4.84468588025 -0.12307288251 -3.72266164057
-0.632450998943 -0.166699843582 2.33859210653 -0.238786089297 -0.32801796616 2.52848189584
-0.952771618157 0.401953741963 -1.18542170419 -1.08238945566 -0.0144690316703 -1.3930336701
0.295235902858 0.122232515995 -1.66495956575 0.295235902858 0.122232515995 -1.66495956575
5.58255706484 -0.21283430403 -1.33496320253 5.58255706484 -0.21283430403 -1.33496320253
-1.7665295703 -0.168996085431 2.96670733722 -1.88308082037 -0.0508858464039 2.76362275431
0.153527866041 0.300609056329 0.211486568366 0.165731970582 0.214125876266 0.698631500366
-2.45810650242 -0.44220390678 -2.81726048271 -1.91454802839 -0.235633950871 -2.82659116433
-2.80451368723 0.204751011299 0.703515095839 -2.80451368723 0.204751011299 0.703515095839
-1.39575286826 0.556226408536 -1.95788878917 -1.53791389198 0.417051925453 -1.91732771611
2.60576481428 0.283933354588 1.45904826369 2.60576481428 0.283933354588 1.45904826369
0.577613264232 -0.0992917007882 0.704474810313 0.731805763095 -0.492189831568 0.529395152209
1.22363844359 -0.279119348762 0.468592521685 0.769999420085 -0.276170280522 0.110837720828
1.67714829011 -0.737941581146 1.65462526411 1.6110623166 -0.664178216037 1.63088557436
-0.619194249203 0.0625671293575 -1.96457813897 -0.619194249203 0.0625671293575 -1.96457813897
0.936537745385 0.0413838393892 1.32771390404 0.936537745385 0.0413838393892 1.32771390404
-0.0350638885223 -0.289303296236 0.241610597879 -0.40047506453 -0.350156584874 0.108702600514
0.612617164793 -0.343218970764 1.37369182535 0.708800759002 -0.335722513437 1.19150198336
-0.96095189121 0.361738494273 -0.326010558049 -0.520367262014 0.253053224298 -0.266228014659
0.234306277983 0.492977558972 -3.87563632422 0.234306277983 0.492977558972 -3.87563632422
-0.54673264342 -0.400887376438 0.616682524821 -0.407173609845 -0.152796255231 0.393407614772
1.4946567456 -0.0444697830454 -1.84362023135 1.72393014283 -0.23236381526 -1.64055504453
0.285613499851 0.215014880288 0.441817166562 0.116788533392 -0.470433814757 0.320020067762
0.681226964627 0.396765327252 0.606295532566 0.669546519768 0.202843986481 0.458936016869
-1.32186407062 -0.217061734506 -4.08763035809 -1.32186407062 -0.217061734506 -4.08763035809
0.0141649246474 0.286275106283 0.928346627024 0.0117733482975 0.266361310642 1.23084560937
-0.610476308856 0.154062097086 -0.18745216906 -0.610476308856 0.154062097086 -0.18745216906
1.6481776803 -0.43770638949 -1.51843451115 1.6481776803 -0.43770638949 -1.51843451115
0.0296583316749 0.468926565544 0.689166617741 0.651991612499 0.361169412268 1.28206547522
-0.132963887441 -0.031117303751 0.454415160269 -0.65509830499 -0.040963873435 0.718042386914
0.029485704 0.439546456371 -1.39131078984 0.029485704 0.439546456371 -1.39131078984
2.06075768927 0.0630178892768 -3.79023969543 1.91607882059 -0.0196678782418 -3.46193804261
-0.187226563922 0.564412264259 1.44012833405 -0.108559627 0.515065659914 0.797649989641
-2.56134738954 -0.144875610229 0.919459536693 -2.33558212899 -0.516628350443 0.790229335073
5.49365652163 -0.866169935204 -3.9321991343 5.49365652163 -0.866169935204 -3.9321991343
-2.33558212899 -0.516628350443 0.790229335073 -2.56134738954 -0.144875610229 0.919459536693
-1.41154815845 0.0220078202696 4.53398932203 -1.41154815845 0.0220078202696 4.53398932203
-2.32818696988 -0.498103785439 0.256671473617 -2.32818696988 -0.498103785439 0.256671473617
1.03162373198 -0.0802899874343 0.397946191542 1.22363844359 -0.279119348762 0.468592521685
-2.1209079788 -0.23574780228 0.903381178375 -2.1209079788 -0.23574780228 0.903381178375
0.748350162912 0.538476301142 -0.405161649487 0.985845578996 0.472126074357 -0.28075418564
-1.19751106361 0.656246567076 1.4747225042 -1.19751106361 0.656246567076 1.4747225042
-1.88308082037 -0.0508858464039 2.76362275431 -1.7665295703 -0.168996085431 2.96670733722
1.74145732356 -0.0743455108578 1.11835150626 1.79903662079 -0.0549737682087 1.27409388742
-1.0164451015 -0.157853652846 -4.54501558073 -1.0164451015 -0.157853652846 -4.54501558073
-0.551546138845 0.58561236972 0.190804530688 -0.141358072711 0.7940044438 1.13630190621
-1.72718950533 0.108554793046 3.74830046685 -1.72718950533 0.108554793046 3.74830046685
2.4663642665 -0.103204542112 0.266984950591 2.48508644442 0.0274616960184 0.230601953296
0.396383586266 0.705720482043 -0.980060392026 0.396383586266 0.705720482043 -0.980060392026
-3.19871200369 -0.677254989216 -4.38944530803 -3.19871200369 -0.677254989216 -4.38944530803
-0.40176804804 -0.880764711922 6.15632223368 -0.40176804804 -0.880764711922 6.15632223368
-3.5093555776 -0.187643393483 2.07642016771 -3.5093555776 -0.187643393483 2.07642016771
0.157630084768 0.863682900802 -1.38994306626 0.157630084768 0.863682900802 -1.38994306626
-2.55314035284 -0.0627070878189 -0.0122917263807 -2.69970969292 0.0559381727391 -0.106243311654
0.487138016339 -0.127717146459 0.708677935998 0.577613264232 -0.0992917007882 0.704474810313
-1.39625475629 0.127735404255 0.737088571267 -1.34354906081 0.286138169626 1.33971348771
-2.36665206419 1.05966436452 -2.60412357874 -2.36665206419 1.05966436452 -2.60412357874
4.27104895544 -0.60439896482 3.82470220259 4.27104895544 -0.60439896482 3.82470220259
-0.171402479941 0.637437184145 1.37779500402 -0.441541273742 0.492163679561 1.52416907197
2.73084014965 -0.30602011141 -8.04073481165 2.73084014965 -0.30602011141 -8.04073481165
0.201562582962 -0.0904323327798 0.588003099545 0.285613499851 0.215014880288 0.441817166562
0.0555635071389 -0.548315794137 -4.33071511247 0.0555635071389 -0.548315794137 -4.33071511247
-0.375962840154 -0.799202629846 1.22105681494 -0.375962840154 -0.799202629846 1.22105681494
-0.815680480369 -0.869565367633 0.0396041806394 -0.815680480369 -0.869565367633 0.0396041806394
0.441191928113 0.382738852989 0.506537397507 0.791838151971 0.743493077259 0.482819401615
3.62897189211 0.0772228875041 2.82942856056 3.62897189211 0.0772228875041 2.82942856056
2.2175980678 -0.397843048303 0.181189410201 2.9068255983 -0.359718789651 0.144926314827
0.0811257017911 0.338056703814 0.267054014208 -0.342113551598 0.254325145606 0.0983134582847
0.281740498538 0.418847729455 -1.99513193993 0.281740498538 0.418847729455 -1.99513193993
-0.238271165229 -0.494416244058 0.388221911816 -0.238271165229 -0.494416244058 0.388221911816
1.67820098103 0.277290372108 -0.985631526756 1.38193996217 0.662751947466 -1.09099875492
0.793333460401 0.487626253586 -1.35573412314 0.793333460401 0.487626253586 -1.35573412314
0.791838151971 0.743493077259 0.482819401615 1.08058342972 0.547955803897 0.637591020582
6.3154156295 0.68018760141 -3.46722011197 6.3154156295 0.68018760141 -3.46722011197
1.29271178667 0.330237641375 1.14359868309 0.955098629543 0.172672250416 0.765973873795
3.58379867609 -0.580755295177 -2.13316802704 3.58379867609 -0.580755295177 -2.13316802704
-0.561378351557 0.00253576513028 0.536266476133 -0.437651646735 0.214561985096 0.690234341954
-4.28385075407 -0.256999174446 8.24421038073 -4.28385075407 -0.256999174446 8.24421038073
-3.0004125885 -0.703185187045 -3.96413553604 -3.0004125885 -0.703185187045 -3.96413553604
7.02296549104 0.3487020091 -2.24776634515 7.02296549104 0.3487020091 -2.24776634515
-0.413811750588 -0.29046711413 0.154964111696 -0.652135430375 -0.0518266261079 0.509714365736
-1.40457608294 0.436058880746 1.37217965265 -1.39625475629 0.127735404255 0.737088571267
-1.94450815039 0.205104606315 2.38754069719 -1.86187522764 0.279126661394 2.38296962093
4.62330144877 -0.0445619487795 -4.31641233587 4.62330144877 -0.0445619487795 -4.31641233587
0.731805763095 -0.492189831568 0.529395152209 0.492113484053 -0.171550601985 -0.0756589176755
-2.45521780985 -0.5953153137 2.73934799781 -2.45521780985 -0.5953153137 2.73934799781
-2.73234331063 0.122106304945 4.72959113975 -2.73234331063 0.122106304945 4.72959113975
0.651991612499 0.361169412268 1.28206547522 0.969075830691 0.177751553429 0.977160811942
0.241089845982 0.0738597995507 0.589630744206 0.487138016339 -0.127717146459 0.708677935998
3.99429347977 -0.0612758216567 -7.86249023472 3.99429347977 -0.0612758216567 -7.86249023472
-0.342113551598 0.254325145606 0.0983134582847 -0.0860865726634 0.0124534650307 0.278807992542
0.889266751244 -0.0874985349082 0.365332115229 0.62221480429 0.0773537284685 0.677581342734
-0.544990429245 -0.138175155113 0.690718724153 -0.332252177055 0.197837310239 0.887457477718
1.72393014283 -0.23236381526 -1.64055504453 1.4946567456 -0.0444697830454 -1.84362023135
-1.15982182667 -0.0624942412066 -1.27182832482 -1.01179667918 0.161907459513 -1.10574988376
-0.945484051449 -0.657678782869 -0.585196338156 -1.01119574893 -0.353696009213 -0.807888076769
1.01425246534 0.657762295167 -1.88519137947 1.01425246534 0.657762295167 -1.88519137947
-0.329276198489 0.199681727955 0.703464025779 -0.11473892564 0.271657766269 0.532176268357
3.28181714373 0.890941453901 0.211927891174 3.28181714373 0.890941453901 0.211927891174
0.698477463494 -0.241701489273 0.452713608304 0.698477463494 -0.241701489273 0.452713608304
-0.28927896677 -0.110921035499 0.748954829898 0.201562582962 -0.0904323327798 0.588003099545
0.128246872634 -0.00186613231208 -0.436618563276 0.350060675405 -0.029595446772 -0.745957697653
-0.286158312456 0.233596324118 -0.161217054969 -1.05320731927 0.19705369745 0.108358381567
-1.0887483216 0.034564308838 0.67313021959 -0.862569901829 0.26183405481 0.937827946407
-1.91362557291 0.157121523008 -5.71600617454 -1.91362557291 0.157121523008 -5.71600617454
-1.52668145184 -0.411494520068 -1.93393885958 -1.52668145184 -0.411494520068 -1.93393885958
0.394308480056 -0.0883507406405 -1.63779983587 0.394308480056 -0.0883507406405 -1.63779983587
5.18559343904 0.590633058838 -1.06192631509 5.18559343904 0.590633058838 -1.06192631509
2.6975312385 0.145234785472 1.96306678279 2.6975312385 0.145234785472 1.96306678279
-0.978986871472 -0.218069696689 0.706427403705 -0.54673264342 -0.400887376438 0.616682524821
-1.88359907946 -0.237391111849 2.7620245018 -1.94450815039 0.205104606315 2.38754069719
-0.0979184880114 0.131851148417 1.37070052041 -0.308670787014 -0.255477712514 1.70121065976
-0.343082982021 0.0636042573381 0.671211830531 -0.864463195161 0.375705208762 0.553276215155
1.10568317637 -0.994791855563 3.33033997341 1.10568317637 -0.994791855563 3.33033997341
0.136758456953 -0.66187332956 7.38378292183 0.136758456953 -0.66187332956 7.38378292183
-0.437651646735 0.214561985096 0.690234341954 -0.262066000839 0.281908746662 0.502014534407
1.30240514994 0.428414782572 -0.374145931222 1.30240514994 0.428414782572 -0.374145931222
-0.0923205796525 0.150463752919 1.83492662314 -0.0923205796525 0.150463752919 1.83492662314
-0.834426981922 0.262156913771 -0.756742706258 -0.928124344401 0.542017440705 -1.36133255563
1.44475120795 -0.118105739864 0.40998615431 1.99389618473 -0.154850537921 0.361523917861
0.283251877113 -0.602187686275 -5.92711139424 0.283251877113 -0.602187686275 -5.92711139424
-0.864463195161 0.375705208762 0.553276215155 -0.923067567716 0.288609331636 0.644277089732
4.68616032139 0.733247222741 -3.50561614932 4.68616032139 0.733247222741 -3.50561614932
-1.73949681511 -0.316426099815 -0.87429820378 -1.73949681511 -0.316426099815 -0.87429820378
-0.596130168081 0.507366997356 0.139211594694 -0.286280634807 0.106572826758 -0.0826840057491
-1.53791389198 0.417051925453 -1.91732771611 -1.39575286826 0.556226408536 -1.95788878917
1.67499270805 -0.106810016092 0.598033412905 1.67499270805 -0.106810016092 0.598033412905
1.33437286937 0.229616327559 0.506648016842 0.861112121804 0.533424867438 0.723252494257
-0.141358072711 0.7940044438 1.13630190621 -0.187226563922 0.564412264259 1.44012833405
-0.0429129521504 0.165761475311 0.557688531175 -0.353432399921 0.4159094855 0.750118637171
-0.751747309397 0.157931336241 -0.30669111807 -0.733782942857 -0.0522871960908 -0.20630184736
-4.28257255939 -0.248406935438 4.32133942087 -4.28257255939 -0.248406935438 4.32133942087
5.10572462259 0.357890663813 2.77982803995 5.10572462259 0.357890663813 2.77982803995
0.894283199799 -0.546448243896 1.140250405 0.709636931568 -0.266727241521 1.39330916009
-6.64699542484 -0.536028234235 0.489607271019 -6.64699542484 -0.536028234235 0.489607271019
0.704645189583 -0.533597509887 -0.368423833095 0.709198571743 -0.904007061811 -0.0110810662349
0.853530147676 -0.160096664436 0.555223542092 0.853530147676 -0.160096664436 0.555223542092
2.44137788158 -1.03951062114 -5.47797605478 2.24422905112 -1.1595228361 -5.37088652455
1.54683353492 -0.0924472226162 -2.47225348821 1.38693713683 0.07983225626 -2.36840887117
-0.832533932814 0.488764644652 0.957166967828 -1.0887483216 0.034564308838 0.67313021959
-0.745040116784 0.0843919061122 0.182964837651 -0.935071408428 -0.262746287565 0.485376993681
2.52119611898 0.482287815122 -3.01692479858 2.52119611898 0.482287815122 -3.01692479858
-2.90000516285 -0.76559273419 -0.498334522043 -2.90000516285 -0.76559273419 -0.498334522043
2.51374588989 -0.219533200806 -0.57051971206 2.51374588989 -0.219533200806 -0.57051971206
-0.65509830499 -0.040963873435 0.718042386914 -0.672233653266 -0.134688569358 0.888895708949
0.985845578996 0.472126074357 -0.28075418564 0.798497346401 0.576560390869 0.273488273312
4.48520191702 0.493117134973 4.65446731578 4.48520191702 0.493117134973 4.65446731578
3.29794674773 0.252077112193 -5.97620808653 3.29794674773 0.252077112193 -5.97620808653
1.9000972873 -0.179286280141 6.50549893828 1.9000972873 -0.179286280141 6.50549893828
0.0797081084943 0.181711895109 0.566065605377 0.441191928113 0.382738852989 0.506537397507
0.285926273486 0.217493906248 0.482307303147 0.0797081084943 0.181711895109 0.566065605377
-1.86187522764 0.279126661394 2.38296962093 -1.54397579877 0.0064682467032 2.57058649892
-4.13117779762 1.01666631239 -6.04023173839 -4.13117779762 1.01666631239 -6.04023173839
-1.36662690177 0.249438275175 -0.265357955954 -1.36662690177 0.249438275175 -0.265357955954
-0.06631129343 0.26050703622 0.579668797903 -0.0429129521504 0.165761475311 0.557688531175
1.13052857422 0.165928029367 0.503833053571 1.03739100664 0.0685297562961 0.108017519144
2.71065156169 -0.194644072744 -0.158088826565 2.50821050858 0.0439685800504 0.210905904463
-0.0930537093927 0.261964381085 0.185080523659 -0.201607427622 0.124999535406 0.0728319707101
-3.38429861519 -0.659746020379 -2.7313896921 -3.38429861519 -0.659746020379 -2.7313896921
-1.20867963177 0.567702204652 -0.0511723267167 -0.596130168081 0.507366997356 0.139211594694
-1.01179667918 0.161907459513 -1.10574988376 -1.53963491772 0.0872940407008 -0.984764451776
1.38693713683 0.07983225626 -2.36840887117 1.76653024145 -0.327570911655 -2.34639076115
2.54159205438 0.143781233341 1.79310162849 2.54159205438 0.143781233341 1.79310162849
0.994298142778 0.186058107982 2.07523230691 1.23372970485 0.207939580175 2.43754615786
-4.04070709531 -0.0366691090003 -1.88711753638 -4.04070709531 -0.0366691090003 -1.88711753638
2.48508644442 0.0274616960184 0.230601953296 2.50402119904 -0.28207516308 0.566318054817
0.256192726099 0.267180675428 0.931577888759 0.0777993220414 -0.151597830915 0.631672749086
-1.00363317268 0.351629373329 1.0122267725 -1.05931083924 0.187008187014 0.624709748925
-0.308670787014 -0.255477712514 1.70121065976 -0.0979184880114 0.131851148417 1.37070052041
-0.201607427622 0.124999535406 0.0728319707101 0.0811257017911 0.338056703814 0.267054014208
-0.629805367191 0.0642386616968 -0.195641866655 -0.805775843881 -0.119706214939 -0.203228118285
-7.49031212386 0.139213713078 0.235942650009 -7.49031212386 0.139213713078 0.235942650009
-5.28561741264 0.97216642956 -3.43410462443 -5.28561741264 0.97216642956 -3.43410462443
-0.805775843881 -0.119706214939 -0.203228118285 -0.499150084297 0.294445487438 -0.283169653681
-0.262066000839 0.281908746662 0.502014534407 0.0235942206069 -0.195126670173 0.723617089943
2.00027454401 -0.253588509219 -3.35543621952 2.00027454401 -0.253588509219 -3.35543621952
0.239269128157 -0.418442182168 0.0928012840259 0.239269128157 -0.418442182168 0.0928012840259
4.09941774066 0.163799106843 2.44698682136 4.09941774066 0.163799106843 2.44698682136
-0.384818138849 0.959067551922 -6.50065015902 -0.384818138849 0.959067551922 -6.50065015902
0.900461640954 0.285675334387 0.473013354856 0.891498813301 0.214822432909 0.169411402088
-0.0946115449525 0.0216511977296 -0.180612029033 -0.00983353449683 0.0835551127197 0.581761978149
0.850003045258 -0.418758435396 0.764399409042 1.08332556889 -0.450260316519 0.987829054272
-0.350336534693 0.146954490882 -3.07524286929 -0.350336534693 0.146954490882 -3.07524286929
-1.34260306551 0.242523184881 -0.67301344746 -0.834426981922 0.262156913771 -0.756742706258
1.16455591053 1.11121721103 1.46224548946 1.16455591053 1.11121721103 1.46224548946
0.116788533392 -0.470433814757 0.320020067762 0.596438602679 -0.16026639305 -0.15628937518
0.840582263841 0.125108792239 -1.12513268663 0.840582263841 0.125108792239 -1.12513268663
1.38193996217 0.662751947466 -1.09099875492 1.67820098103 0.277290372108 -0.985631526756
-0.27992639188 0.18434628603 0.039032510749 -0.110252076176 -0.140405295427 0.20779893937
-2.69970969292 0.0559381727391 -0.106243311654 -2.4748865385 0.477973558809 -0.0372738803039
-1.07643337245 0.467395394338 0.107027131077 -0.745040116784 0.0843919061122 0.182964837651
4.48860215654 -0.569268885637 2.75799091997 4.48860215654 -0.569268885637 2.75799091997
2.24422905112 -1.1595228361 -5.37088652455 2.44137788158 -1.03951062114 -5.47797605478
1.08058342972 0.547955803897 0.637591020582 1.08602207366 0.201930925469 0.498387666932
0.283901352896 0.0304783625545 -0.0711565093934 0.504846692769 0.598716552442 -0.337533032679
2.84095746551 0.817382238439 -1.88093546681 2.84095746551 0.817382238439 -1.88093546681
0.72875815165 -0.580431474878 -2.90296752777 0.757019114169 -0.25502985518 -2.83456587793
-1.54943830595 1.41027728247 2.8222754156 -1.54943830595 1.41027728247 2.8222754156
0.287320190028 -0.0540493880248 0.0514374253161 0.0572420110214 0.0533523404842 -0.248888097911
-4.10976419573 0.512685813766 -2.98555928059 -4.10976419573 0.512685813766 -2.98555928059
-3.19395176807 -0.220039908813 -2.17781823905 -3.46537171742 0.112033504954 -1.68473916249
-0.638651929357 0.0346738621826 0.484884880059 -0.343082982021 0.0636042573381 0.671211830531
0.407883412816 -0.550629921758 0.255593680073 -0.0347844584811 -0.22198041835 0.258951352035
-0.344295014602 0.0466915676036 0.535359624594 -0.15258009757 0.20411595535 0.50120864528
4.02112656493 0.0235346514294 2.32587575068 4.02112656493 0.0235346514294 2.32587575068
2.50821050858 0.0439685800504 0.210905904463 2.4663642665 -0.103204542112 0.266984950591
0.0373541547 0.123883382722 -2.4321836851 0.0373541547 0.123883382722 -2.4321836851
-2.56983265374 0.274834040117 -1.08410936322 -2.46557344465 0.517056756657 -0.581564399244
-0.317813790938 0.452383518885 1.18923137638 0.0296583316749 0.468926565544 0.689166617741
0.644055115174 0.165753418063 0.423018740858 0.287320190028 -0.0540493880248 0.0514374253161
-5.8726373949 0.100196215032 4.11372981892 -5.8726373949 0.100196215032 4.11372981892
-0.583569802839 0.865094403508 2.45193988207 -0.583569802839 0.865094403508 2.45193988207
0.736843694276 -0.475108771533 0.489224022349 0.736843694276 -0.475108771533 0.489224022349
-0.678498713611 0.716974190447 -3.09163443897 -0.678498713611 0.716974190447 -3.09163443897
2.50402119904 -0.28207516308 0.566318054817 2.14311985441 -0.38844964898 0.42202124254
-2.60813458376 -0.21110976495 -0.813908709369 -2.60813458376 -0.21110976495 -0.813908709369
0.538084173134 0.698722876482 -0.294881668803 1.00294447704 0.964517902707 -0.360427863254
5.54563152816 -0.485305091907 2.13653619671 5.54563152816 -0.485305091907 2.13653619671
0.0918382446745 0.133925967197 -1.50080358943 0.0918382446745 0.133925967197 -1.50080358943
0.896533358066 0.59818130274 1.65159934196 0.896533358066 0.59818130274 1.65159934196
-1.35467986507 0.378451729351 -0.257011845255 -1.11631218984 0.782117700561 -0.100657622624
-8.66830106618 -0.041536717813 0.223623406724 -8.66830106618 -0.041536717813 0.223623406724
-1.11631218984 0.782117700561 -0.100657622624 -0.96095189121 0.361738494273 -0.326010558049
2.70725406793 -0.665693837296 3.09278830518 2.70725406793 -0.665693837296 3.09278830518
-0.286280634807 0.106572826758 -0.0826840057491 -0.132963887441 -0.031117303751 0.454415160269
0.762322664698 0.121001178204 0.909507735396 0.454879993685 0.0670902739143 1.02324000222
-0.935071408428 -0.262746287565 0.485376993681 -1.03772583373 -0.185518657374 0.603821349065
-0.862569901829 0.26183405481 0.937827946407 -0.678419338488 -0.053220697163 0.635605942496
7.44395143286 -1.11644157787 0.381723971818 7.44395143286 -1.11644157787 0.381723971818
-3.36776985237 0.273917421186 -2.77643071762 -3.36776985237 0.273917421186 -2.77643071762
-0.332252177055 0.197837310239 0.887457477718 0.0184953860731 0.241882665096 0.199809807044
-0.802272893388 -0.0224252421038 -1.37869264131 -0.802272893388 -0.0224252421038 -1.37869264131
2.20869879119 0.323450080044 -5.91692365093 2.20869879119 0.323450080044 -5.91692365093
1.82403592231 1.00902301578 0.60175643497 1.82403592231 1.00902301578 0.60175643497
-1.33069247928 0.273335308643 -1.28492389949 -1.01426260073 0.152889622566 -1.35493516635
0.636462449041 -0.356196796956 0.219264548599 0.130088372126 -0.274402523611 0.661704095942
-0.33095424233 -0.0185668462057 -2.60660427873 -0.33095424233 -0.0185668462057 -2.60660427873
-2.4748865385 0.477973558809 -0.0372738803039 -2.55314035284 -0.0627070878189 -0.0122917263807
-2.96956456445 1.14396013649 3.49583619737 -2.96956456445 1.14396013649 3.49583619737
-0.787903135748 -0.538867826582 -0.664728776166 -0.945484051449 -0.657678782869 -0.585196338156
-0.407173609845 -0.152796255231 0.393407614772 -0.0946115449525 0.0216511977296 -0.180612029033
1.83689691643 -0.0487171695647 -0.242975577709 1.83689691643 -0.0487171695647 -0.242975577709
4.08715197975 -0.0503872284146 -1.64515624378 4.08715197975 -0.0503872284146 -1.64515624378
-0.11473892564 0.271657766269 0.532176268357 0.0141649246474 0.286275106283 0.928346627024
1.65020248698 -0.108653724497 1.1408177466 1.65020248698 -0.108653724497 1.1408177466
-0.0594658627353 -0.0867781248741 -1.42113936257 -0.0594658627353 -0.0867781248741 -1.42113936257
1.03739100664 0.0685297562961 0.108017519144 0.653260928859 -0.321406402156 0.0396207583557
0.12831990953 -0.0950655106283 0.158624580746 0.0997408736757 -0.23088374653 0.536157249838
0.824906983449 0.346280296991 0.86752543335 0.256192726099 0.267180675428 0.931577888759
-0.0347844584811 -0.22198041835 0.258951352035 -0.118379258566 0.313386878366 0.552146827451
0.955098629543 0.172672250416 0.765973873795 0.476832869427 -0.517744866445 0.897311241384
-0.508193725911 -0.175036108237 2.33165504516 -0.403704294819 -0.301775299942 1.95438534303
1.43475702253 -0.223950103454 0.705742920428 1.44475120795 -0.118105739864 0.40998615431
0.137530072237 0.444383600896 -0.00278384532207 0.137530072237 0.444383600896 -0.00278384532207
-0.730068902908 0.0954123430567 1.14448337395 -1.00363317268 0.351629373329 1.0122267725
0.521040069763 0.210167414352 0.0934481612096 0.0253979014205 0.32279081127 -0.0474567280635
-0.426721054782 0.765499085028 3.01333089265 -0.426721054782 0.765499085028 3.01333089265
-6.24898517126 0.421017611472 -0.755953066518 -6.40200889169 0.365678306336 -0.505121905281
1.50914712568 -0.16594957259 0.806634979878 1.29271178667 0.330237641375 1.14359868309
2.11552081456 -1.18205833264 0.811483363079 2.11552081456 -1.18205833264 0.811483363079
-1.68690530175 -0.955784238967 -1.63878414763 -1.68690530175 -0.955784238967 -1.63878414763
1.01055345523 -0.321531701768 -4.38344826756 1.01055345523 -0.321531701768 -4.38344826756
-0.403704294819 -0.301775299942 1.95438534303 -0.698655778129 -0.283685571981 2.25198932488
-1.81232309989 -0.429052113204 3.73892728093 -1.81232309989 -0.429052113204 3.73892728093
-0.499150084297 0.294445487438 -0.283169653681 -1.20867963177 0.567702204652 -0.0511723267167
0.976410495422 0.0399188546399 2.54532343369 0.976410495422 0.0399188546399 2.54532343369
0.683992342563 -0.0133820046183 0.933365469018 0.917715934102 -0.202679977514 0.83585368086
3.82856537909 -0.530650795963 6.01107852511 3.82856537909 -0.530650795963 6.01107852511
3.97262559404 1.16772852313 -2.41080275137 3.97262559404 1.16772852313 -2.41080275137
-2.48751597409 -0.586961873458 -6.527214629 -2.48751597409 -0.586961873458 -6.527214629
1.75934799992 -0.467517067568 -3.0823945761 1.75934799992 -0.467517067568 -3.0823945761
0.163236935576 -1.61564834746 -3.26515305433 0.163236935576 -1.61564834746 -3.26515305433
0.607379047051 0.623184884562 -2.42798898862 0.211787686822 0.726154896727 -2.5531085266
1.58204377213 -0.212123037987 -1.80961988449 1.58738425211 -0.110916158847 -1.582437398
2.37105942629 0.596084283467 -3.64296193912 2.37105942629 0.596084283467 -3.64296193912
-0.348624542641 0.412744932147 -0.599575782404 -0.286158312456 0.233596324118 -0.161217054969
-6.40200889169 0.365678306336 -0.505121905281 -6.24898517126 0.421017611472 -0.755953066518
0.130088372126 -0.274402523611 0.661704095942 0.789669331716 -0.101325497221 0.863882604409
0.27089331376 0.372636583623 0.427919364598 0.27089331376 0.372636583623 0.427919364598
-0.00983353449683 0.0835551127197 0.581761978149 -0.28927896677 -0.110921035499 0.748954829898
3.83937348255 0.518452926338 0.902019367325 3.83937348255 0.518452926338 0.902019367325
0.0235942206069 -0.195126670173 0.723617089943 0.285926273486 0.217493906248 0.482307303147
-0.239104883763 0.0743166777338 -0.0519319365912 -0.27992639188 0.18434628603 0.039032510749
0.211787686822 0.726154896727 -2.5531085266 0.607379047051 0.623184884562 -2.42798898862
3.60035928882 0.16288318922 -4.46190111657 3.60035928882 0.16288318922 -4.46190111657
0.396186686791 0.35667050123 0.890802042447 -0.06631129343 0.26050703622 0.579668797903
-1.41920741659 0.359045972913 2.38700320815 -1.41920741659 0.359045972913 2.38700320815
0.87939909748 0.788548041314 -3.50981978346 0.87939909748 0.788548041314 -3.50981978346
2.97605421269 -1.4885729347 0.278813811375 2.97605421269 -1.4885729347 0.278813811375
0.798512693134 1.47930502594 5.7532469568 0.798512693134 1.47930502594 5.7532469568
-2.0626843501 -0.630340401662 -0.471971768299 -2.0626843501 -0.630340401662 -0.471971768299
0.917715934102 -0.202679977514 0.83585368086 0.850003045258 -0.418758435396 0.764399409042
0.0253979014205 0.32279081127 -0.0474567280635 0.153527866041 0.300609056329 0.211486568366
-0.0677095483103 -0.605943849573 2.46864114738 -0.0677095483103 -0.605943849573 2.46864114738
1.09829651356 0.124151934307 -0.443169984092 1.09829651356 0.124151934307 -0.443169984092
0.402115207629 0.131877867452 -0.218021388854 0.240015079087 0.281659756611 0.0139637805493
-0.353432399921 0.4159094855 0.750118637171 -0.317813790938 0.452383518885 1.18923137638
6.9571072535 0.0580313754621 -0.214985946641 6.9571072535 0.0580313754621 -0.214985946641
-6.77130310522 -0.269553443313 -3.95666518968 -6.77130310522 -0.269553443313 -3.95666518968
0.692056071426 -0.951954585214 -2.01448534067 0.775615867588 -0.783660103057 -2.18219164593
-2.59132371386 -0.0166761968111 1.37595293001 -2.59132371386 -0.0166761968111 1.37595293001
0.3208038301 0.440213563355 -0.191872171659 -0.485743101627 0.770390158668 -0.411256597365
-0.678419338488 -0.053220697163 0.635605942496 -0.0930537093927 0.261964381085 0.185080523659
-1.15492923158 -0.263945839107 -0.409921638822 -1.15492923158 -0.263945839107 -0.409921638822
-5.51133051988 0.345993101528 -2.40692037714 -5.51133051988 0.345993101528 -2.40692037714
0.0777993220414 -0.151597830915 0.631672749086 -0.497956771662 0.24353347836 0.403401302189
-3.46537171742 0.112033504954 -1.68473916249 -3.19395176807 -0.220039908813 -2.17781823905
4.23597496448 0.314117743908 4.59885222188 4.23597496448 0.314117743908 4.59885222188
-0.206247374305 0.0953226493454 0.202361330991 -0.0568073187431 0.330526010122 0.156034799041
-1.26923767704 0.329155894159 -3.0183682735 -1.26923767704 0.329155894159 -3.0183682735
-6.21792602069 -0.628002216152 -5.56187842376 -6.21792602069 -0.628002216152 -5.56187842376
1.40556549269 -0.0556868736701 -3.97715226228 1.40556549269 -0.0556868736701 -3.97715226228
0.653260928859 -0.321406402156 0.0396207583557 0.283901352896 0.0304783625545 -0.0711565093934
-0.934064336318 -1.1080994306 6.04182503284 -0.934064336318 -1.1080994306 6.04182503284
-1.34354906081 0.286138169626 1.33971348771 -1.33518528196 0.443552174037 1.51839517263
0.599229422509 0.875839879843 4.2695759457 0.599229422509 0.875839879843 4.2695759457
0.709198571743 -0.904007061811 -0.0110810662349 0.407883412816 -0.550629921758 0.255593680073
0.165731970582 0.214125876266 0.698631500366 -0.0540950596344 -0.306767095962 0.101856056783
0.513964029587 0.230947831605 0.957717583532 0.396186686791 0.35667050123 0.890802042447
