-4.18325907828 0.525940136851 -0.886818770972 -4.18325907828 0.525940136851 -0.886818770972
1.2218929783 -0.279273206316 1.15952746887 1.03255682547 -0.140180165113 1.41491408054
-4.34549146809 -0.0514420451761 -2.55375690491 -4.67197296731 -0.0483220311888 -2.46892472315
0.118393451757 -0.30157331819 -0.194640443413 -0.646042852367 -0.413078554592 0.203419303385
-1.15023334722 0.434841801191 0.685617006125 -1.15023334722 0.434841801191 0.685617006125
1.3730636251 0.546464374614 1.39508582534 1.3730636251 0.546464374614 1.39508582534
1.81963946954 -0.430983308018 0.137705275781 2.41005951414 0.0324986726289 0.472539664819
-0.0334352383898 -0.00694919790102 -0.217319855828 -0.188657731888 0.031117553093 -0.0929588976031
0.872172487726 0.594650939227 -3.520896981 0.872172487726 0.594650939227 -3.520896981
-0.0563194868488 0.217050852261 0.957489739484 0.0661933969288 -0.0851195049003 1.31860496071
0.741206130507 -0.0670571814449 1.88707728987 0.741206130507 -0.0670571814449 1.88707728987
-0.0265822179957 -0.494128922058 -3.22481136691 -0.0265822179957 -0.494128922058 -3.22481136691
-0.0288267674583 0.380785510949 2.06060219376 0.0417679072727 0.025373985336 2.10347801759
-0.156859419439 0.121533387619 0.881844633706 -0.201737129169 0.0159989564447 1.59281158614
3.60067673818 0.345404903787 2.86948064623 3.60067673818 0.345404903787 2.86948064623
1.88600319271 0.0410500229327 -3.87076250826 1.88600319271 0.0410500229327 -3.87076250826
-0.169479086797 0.0296532065504 -0.517723287828 -0.169479086797 0.0296532065504 -0.517723287828
0.022434460176 0.121598536249 -1.81087619074 -0.266651246005 0.00505143867568 -1.76921106072
1.32215437241 -0.105487063537 1.23875624664 1.50260141424 -0.164661185635 1.33649314371
2.65730618184 0.249199038066 -0.436487725383 2.65730618184 0.249199038066 -0.436487725383
4.12907235093 -0.385062052467 -1.4067628693 4.12907235093 -0.385062052467 -1.4067628693
-0.398591657967 0.112167716806 -1.54525900827 -0.264425137147 0.601662180296 -1.83414540526
-0.861275322069 -0.11004815406 1.1233564441 -0.850825941384 -0.0318501037919 0.742622713294
2.14967203844 1.02836623508 -6.67186571588 2.14967203844 1.02836623508 -6.67186571588
5.50726502622 -0.505871452939 -1.39932962949 5.50726502622 -0.505871452939 -1.39932962949
-0.832419350839 0.202549430156 0.953608212584 -0.924595116344 0.702057671637 1.20113052649
4.06059883486 -0.485031458988 0.549304334578 4.06059883486 -0.485031458988 0.549304334578
-2.48655733531 0.00178320977237 0.276730869983 -2.48655733531 0.00178320977237 0.276730869983
0.295566502307 -0.133743645339 3.06367538378 0.295566502307 -0.133743645339 3.06367538378
-2.05193764047 0.0470084729317 0.776251143903 -2.05193764047 0.0470084729317 0.776251143903
-1.81311142494 -0.246724251399 -1.23690348268 -1.81311142494 -0.246724251399 -1.23690348268
6.5163075507 1.34274219144 -1.40903350029 6.5163075507 1.34274219144 -1.40903350029
0.906951533102 -0.218466067068 -2.63930349873 0.906951533102 -0.218466067068 -2.63930349873
1.22311014375 0.458719581917 3.32956764926 1.22311014375 0.458719581917 3.32956764926
1.28416381327 0.239492498783 -3.6268292655 1.28416381327 0.239492498783 -3.6268292655
0.956132836268 -0.400018684077 5.60874001182 0.956132836268 -0.400018684077 5.60874001182
1.30475723149 1.02149041929 -0.705019510092 0.998361149293 0.656798408789 -1.05684508474
2.24263827976 -0.446702189448 1.91334026566 2.08869779908 -0.414899246753 1.85215793074
0.0869891315449 0.0923957852812 -1.62873958461 0.0772710555937 0.729140417411 -1.54263446835
-0.213967791113 -0.638540445063 0.49788003067 -0.213967791113 -0.638540445063 0.49788003067
-0.281519963408 0.525787503084 1.57583156744 -0.511295578232 0.556371720284 1.83001582348
-5.827516536 -0.87261380496 1.11085633464 -5.827516536 -0.87261380496 1.11085633464
-0.976574666161 0.0628997528861 -4.11334910603 -0.976574666161 0.0628997528861 -4.11334910603
0.0661933969288 -0.0851195049003 1.31860496071 0.20466506576 -0.00325729100842 1.76523541835
5.41585738904 0.0301691205728 4.29428949232 5.41585738904 0.0301691205728 4.29428949232
0.77155697296 0.102036063126 -0.537081700728 0.77155697296 0.102036063126 -0.537081700728
-2.80855810841 0.868032473542 -1.27383299138 -2.80855810841 0.868032473542 -1.27383299138
-0.299326441625 0.291540806986 1.80337382665 0.0711017004595 0.514274668009 1.37193982073
-8.09473685159 -0.478712271872 -2.58585673135 -8.09473685159 -0.478712271872 -2.58585673135
2.81205367954 -0.297608779719 3.10707293784 2.71117832168 -0.21318773769 2.88327589412
-0.424745804071 0.362342877303 -0.899389730041 -0.68628613772 0.659767790506 -1.11534174755
-0.467335594175 -0.0757684600656 1.16790259046 -0.832419350839 0.202549430156 0.953608212584
-0.943269867411 -0.273398796265 -0.00447628648366 -0.943269867411 -0.273398796265 -0.00447628648366
-1.54505808151 -0.631260630704 -0.902263552899 -1.54505808151 -0.631260630704 -0.902263552899
-1.34602155194 -0.140960033826 6.37296097298 -1.34602155194 -0.140960033826 6.37296097298
-1.26860006253 -0.395414268373 2.50815017319 -1.26860006253 -0.395414268373 2.50815017319
-2.2391042882 0.208209572196 0.937938970467 -2.2391042882 0.208209572196 0.937938970467
-4.60280607433 -0.699992226933 4.41520763287 -4.60280607433 -0.699992226933 4.41520763287
0.0930470118824 0.94219839218 0.984396960143 0.0930470118824 0.94219839218 0.984396960143
7.03576503974 0.386141872715 1.66963769905 7.03576503974 0.386141872715 1.66963769905
2.00564784454 -0.30356119903 -4.71322058294 2.00564784454 -0.30356119903 -4.71322058294
0.866050339461 0.45641970721 0.72305541267 0.863480533853 0.588758133579 1.13855884297
1.37360943755 -0.288135864754 1.16896465513 1.2218929783 -0.279273206316 1.15952746887
-0.935585590833 0.646340886764 0.0200416673497 -0.540775257904 0.243170548456 0.0623628629342
-0.850825941384 -0.0318501037919 0.742622713294 -1.26666124406 0.414101606549 0.450179093315
2.8838231677 -0.136580708691 0.949988164878 2.65246505992 -0.145996419901 0.811675348205
-0.509930782439 0.0542597667817 -0.363225556111 -0.819127348889 -0.431515676827 -0.616444478123
0.562503887165 -0.227248829569 -0.2270048797 0.347975906328 -0.114060952505 -0.545758619357
0.390632995684 -0.261494091625 -1.00987159502 0.583452724805 -0.0981353324663 -0.760604207619
0.412028977582 -0.00557329274512 -1.01457844218 1.00105690295 -0.110563673705 -1.07967183318
-1.0038741922 0.113079252677 -0.525302313264 -0.672024816908 0.274462448592 -0.188373834634
-0.330854097123 0.321837327444 1.99156029622 -0.385892638952 -0.0116289988649 2.21533555197
0.314261824205 -0.914754462772 0.0647444431534 0.314261824205 -0.914754462772 0.0647444431534
0.628317297643 -0.260863725149 0.440297144272 0.488936930824 -0.767424115222 0.439012998933
4.04482098998 0.920518530978 -1.30417998116 4.04482098998 0.920518530978 -1.30417998116
4.10167353655 -0.310220046649 -1.47274691682 4.10167353655 -0.310220046649 -1.47274691682
1.05984338364 0.340150226395 -2.10644108468 1.05984338364 0.340150226395 -2.10644108468
1.0138757614 0.134206751459 -1.01751635516 1.24022951572 0.0373735827059 -1.08869640617
0.520481206889 -1.0534408094 1.52947663011 0.520481206889 -1.0534408094 1.52947663011
-1.18609513097 -0.513434607068 -6.00167209534 -1.18609513097 -0.513434607068 -6.00167209534
5.74608378771 0.269072368066 2.99041532548 5.74608378771 0.269072368066 2.99041532548
-4.54375842789 -0.389271819261 4.03165620515 -4.54375842789 -0.389271819261 4.03165620515
-0.0121524146188 0.0870276817299 0.248630760966 -0.16106850016 0.317853913111 0.0112408153571
-1.61944175194 0.485900288851 3.66909027669 -1.61944175194 0.485900288851 3.66909027669
5.13025565263 -0.441093735111 -0.626085854689 5.13025565263 -0.441093735111 -0.626085854689
2.42624811833 -0.251606351442 0.414073411224 2.42624811833 -0.251606351442 0.414073411224
1.56703030768 0.147328275027 2.39263822936 2.13247140278 -0.0375717981347 3.16432134005
0.114664812266 0.500370024567 0.832059444919 0.170135838612 0.0901578994292 1.02683676823
-0.792291978041 0.175122017334 -0.13451682559 -0.965836803661 0.373950280831 0.12291426538
-0.433395141459 0.419313757023 -1.01476461175 -1.00356991987 0.471458750489 -0.756559638365
-0.503872471341 -0.0578310618835 0.24739011989 -0.236821287067 -0.242938394212 0.217779310206
-1.35854820874 -0.115505080981 -0.449502463292 -1.46186718257 -0.0801176855623 -0.716314293844
-1.90053349147 -0.507755584948 0.48114425046 -1.90053349147 -0.507755584948 0.48114425046
-0.672024816908 0.274462448592 -0.188373834634 -0.696834397686 0.367936497187 0.136335100187
0.237005607606 0.0371689117911 1.1965216181 0.569314617875 0.205344596702 0.743829057814
-2.86649688721 0.256629285957 4.49893153028 -2.86649688721 0.256629285957 4.49893153028
-0.690311878674 0.547634541497 -3.54565417545 -0.690311878674 0.547634541497 -3.54565417545
-0.530409224663 0.351586158459 -1.28449138329 -0.0700024041477 0.126749892232 -1.28715709142
3.92594115828 -1.33691570096 3.36961338777 3.92594115828 -1.33691570096 3.36961338777
-7.6723809061 0.113770525349 1.72228048097 -7.6723809061 0.113770525349 1.72228048097
-0.264425137147 0.601662180296 -1.83414540526 0.0777928965369 0.235273349602 -2.10939514921
-0.742680809111 -0.112665080142 4.20979271432 -0.742680809111 -0.112665080142 4.20979271432
0.543048892263 0.226815367047 0.608916221667 0.0534194217447 0.522740315905 0.322874250759
-0.511295578232 0.556371720284 1.83001582348 -0.684947470377 0.528109708238 1.61717330181
-0.68628613772 0.659767790506 -1.11534174755 -0.424745804071 0.362342877303 -0.899389730041
-1.53808886709 0.517507968739 0.178496726142 -1.53808886709 0.517507968739 0.178496726142
0.452807116537 0.211284033839 1.04319253874 0.578731109445 0.410997364692 1.17644587608
0.700308369164 -1.10526467787 0.827112171679 0.700308369164 -1.10526467787 0.827112171679
0.910984736665 -0.458447217804 2.13514876862 0.910984736665 -0.458447217804 2.13514876862
-9.9405866567 -0.490450552303 5.66022787916 -9.9405866567 -0.490450552303 5.66022787916
-1.31067261594 0.485482673867 1.07306312387 -1.20278221759 0.164233771177 0.765481780484
-0.0636540643576 0.0123265453133 0.767626123954 0.133412847234 0.0499524386284 0.485664233401
-0.935101412117 -0.904075234764 -0.902068406369 -0.935101412117 -0.904075234764 -0.902068406369
-1.07898911307 0.00877136018024 -0.668706765427 -1.07898911307 0.00877136018024 -0.668706765427
-0.29816000288 0.118185286191 0.617091035873 -0.213633806589 0.413585043007 0.774998494826
-4.34094315307 0.439517887437 0.766910200082 -4.34094315307 0.439517887437 0.766910200082
0.264478642455 -0.0053312721481 -1.10142933308 0.395463008976 0.210734551003 -1.08294737186
5.34377522515 -0.181490441056 1.05285052739 5.34377522515 -0.181490441056 1.05285052739
4.44518541989 0.383138052282 -3.25415379884 4.44518541989 0.383138052282 -3.25415379884
1.2921372879 0.451245866533 2.61887282833 1.56703030768 0.147328275027 2.39263822936
-0.965836803661 0.373950280831 0.12291426538 -1.20618873146 0.159363074056 0.243287938474
-0.0665736187016 0.0594754020378 -0.946884951896 0.0767585469642 -0.436840902064 -0.812480875909
0.0711017004595 0.514274668009 1.37193982073 0.220822325153 0.541295666396 1.50978711284
6.23322193885 0.668650936148 -3.90720915837 6.23322193885 0.668650936148 -3.90720915837
-1.89268164585 1.08291483993 -2.53086330497 -1.89268164585 1.08291483993 -2.53086330497
-1.20278221759 0.164233771177 0.765481780484 -1.15908077652 0.0866403024271 0.988200549196
2.41005951414 0.0324986726289 0.472539664819 2.45181619953 -0.40961819611 0.377863811643
-0.750436330726 -0.385618569354 3.12959279284 -0.750436330726 -0.385618569354 3.12959279284
-0.16106850016 0.317853913111 0.0112408153571 -0.377145341412 0.0888234484191 0.144358780925
-1.20796122284 -0.0625006761705 -0.832445847226 -1.17055151091 0.0565124614609 -0.691186643328
-0.171425956093 -0.292939714466 -0.236858861076 0.103264243099 -0.329749942922 -0.12588387283
6.15951266831 0.925315354189 -4.96909179638 6.15951266831 0.925315354189 -4.96909179638
1.38228519278 1.05092638876 3.16099134473 1.38228519278 1.05092638876 3.16099134473
4.9237467137 0.584619912731 -3.46494661816 4.9237467137 0.584619912731 -3.46494661816
-1.20756160288 0.449563350249 1.10319622624 -1.29624576023 0.535196960719 0.845397051332
-4.13479596991 -0.0915463081073 -2.89537440436 -4.13479596991 -0.0915463081073 -2.89537440436
0.908705400409 -0.352861169422 -5.05185722843 0.908705400409 -0.352861169422 -5.05185722843
2.45181619953 -0.40961819611 0.377863811643 1.81963946954 -0.430983308018 0.137705275781
-1.76563453388 0.232926417695 2.36387285084 -1.76563453388 0.232926417695 2.36387285084
-0.262437109486 0.188035509511 0.797951723341 0.164345616018 0.137052014968 0.46576681188
-0.573152788281 0.826195744643 -1.39276400838 -0.573152788281 0.826195744643 -1.39276400838
-0.209119287396 0.999273817824 3.70478662066 -0.209119287396 0.999273817824 3.70478662066
2.31210701268 -0.671641805423 -0.965858403641 2.31210701268 -0.671641805423 -0.965858403641
0.763615803167 -0.23679052276 -1.28236749024 0.264478642455 -0.0053312721481 -1.10142933308
-1.77215611535 0.869980981241 3.33520478913 -1.77215611535 0.869980981241 3.33520478913
-0.80455184471 -0.1185771067 1.96265567973 -1.08204337763 0.0201782737645 1.88954123593
-1.19273246998 0.53955165993 1.68498731905 -1.19273246998 0.53955165993 1.68498731905
0.866323542439 -1.15922388445 0.162207037022 1.08002644455 -0.61886666359 0.0793143043845
0.244674362848 0.623548617428 -3.74466520123 0.244674362848 0.623548617428 -3.74466520123
1.57538313757 -0.153256988291 2.97087611736 1.57538313757 -0.153256988291 2.97087611736
-0.603465538933 0.220360817118 2.14496603959 -0.9709930987 0.0694827667125 1.95405191555
-0.496823473256 0.266670404326 -1.1082125256 0.0126578487937 0.240731636019 -1.03050473088
-0.712205129708 -0.701507042939 2.64870284795 -0.712205129708 -0.701507042939 2.64870284795
0.329343757011 0.455025885607 -0.514276319931 0.0835499808373 0.493894703324 -0.680985452382
-1.03141995411 0.457734434747 -5.02528572368 -1.03141995411 0.457734434747 -5.02528572368
-4.28066049709 0.172901441565 4.98021941502 -4.28066049709 0.172901441565 4.98021941502
0.0147274644873 -0.110824443342 -3.25423908345 0.422288154084 0.0959348315126 -2.90754078548
-0.0678516839395 -0.583823305066 -3.02267604239 -0.0678516839395 -0.583823305066 -3.02267604239
1.94515408149 -0.606264454861 -1.84806591812 1.94515408149 -0.606264454861 -1.84806591812
1.49193144745 0.129731534975 2.1295458724 1.49193144745 0.129731534975 2.1295458724
-2.52017442467 0.489331302273 0.519273453089 -2.52017442467 0.489331302273 0.519273453089
0.578731109445 0.410997364692 1.17644587608 0.170678603042 0.124766090837 1.38290688547
-0.158703180896 0.169066459047 0.805777498254 0.114664812266 0.500370024567 0.832059444919
0.220822325153 0.541295666396 1.50978711284 0.206441311521 0.074487465661 1.4374711503
-0.111001982558 0.345496275969 -0.399713697086 -0.301161320419 -0.0130746203547 -0.21077533775
-3.83982593812 0.114968080439 -2.99178924827 -3.83982593812 0.114968080439 -2.99178924827
0.60652485821 0.383938997284 -0.941530359175 0.431093230571 0.344076413069 -1.100112849
-2.62256689711 0.846807136669 4.95849607288 -2.62256689711 0.846807136669 4.95849607288
0.680561260376 1.62684957396 -5.82836265569 0.680561260376 1.62684957396 -5.82836265569
4.26451733059 -0.0779647288678 2.49264570268 4.40296203316 -0.356284868742 2.52479630953
0.555128817364 0.323421904377 3.76755181752 0.555128817364 0.323421904377 3.76755181752
-0.282771506494 -0.799709922625 -0.484854200298 -0.423133989424 -0.690712990342 -0.724889071339
-0.236821287067 -0.242938394212 0.217779310206 -0.0323254679075 0.16806827962 0.141608725373
-0.994904936636 0.174090772904 -0.850136391851 -0.648605237114 0.214989402023 -0.402766184309
-1.95424785048 -0.984416799651 -0.153990545129 -1.95424785048 -0.984416799651 -0.153990545129
0.0534194217447 0.522740315905 0.322874250759 -0.0636540643576 0.0123265453133 0.767626123954
-1.29624576023 0.535196960719 0.845397051332 -1.31067261594 0.485482673867 1.07306312387
5.31945785524 -0.457994163598 5.80093296723 5.31945785524 -0.457994163598 5.80093296723
1.61935233565 1.11640288601 -3.78464524712 1.61935233565 1.11640288601 -3.78464524712
-3.27017487722 0.699216246671 5.06818789968 -3.27017487722 0.699216246671 5.06818789968
0.8882996475 1.0004551829 0.596502495447 0.8882996475 1.0004551829 0.596502495447
3.17394939688 0.162921517262 1.93682783939 3.17394939688 0.162921517262 1.93682783939
-1.53335758941 -0.235300733685 2.84607093169 -1.53335758941 -0.235300733685 2.84607093169
5.68146499059 -0.171927523706 -0.467223061735 5.68146499059 -0.171927523706 -0.467223061735
-4.43364372149 -0.682886527943 -3.01771358594 -4.43364372149 -0.682886527943 -3.01771358594
1.11553126854 -0.0851471812391 -1.34294363983 0.763615803167 -0.23679052276 -1.28236749024
0.422288154084 0.0959348315126 -2.90754078548 0.0147274644873 -0.110824443342 -3.25423908345
-0.531602664535 -0.817899815276 0.0970172915526 -0.796721332315 -0.549187407023 -0.156551428176
-8.74851890658 -0.40156725431 0.546272321776 -8.74851890658 -0.40156725431 0.546272321776
-4.43668442647 -0.111471542612 -4.64201033957 -4.43668442647 -0.111471542612 -4.64201033957
0.670448737414 -0.0436276861518 -0.447977333423 0.562503887165 -0.227248829569 -0.2270048797
3.21104921097 -0.0150195964263 0.231337998913 2.57742005543 0.182326729194 0.0162085765069
-2.3147585379 -0.0897596652058 -0.803084459497 -2.3147585379 -0.0897596652058 -0.803084459497
-0.733345907037 0.613017745342 0.0482394321522 -0.792291978041 0.175122017334 -0.13451682559
-4.90283792026 0.0367651537006 0.62385702124 -4.90283792026 0.0367651537006 0.62385702124
-1.27984820461 -0.61650393429 -2.34808025215 -1.27984820461 -0.61650393429 -2.34808025215
-1.21239427443 0.509299640877 -5.53981530958 -1.21239427443 0.509299640877 -5.53981530958
0.91235224396 0.328879651137 1.38352605916 0.91235224396 0.328879651137 1.38352605916
0.751315938072 0.0773104472582 0.580820249305 0.251268513121 0.608398646026 0.579819959653
0.24823340805 0.0266747461253 -1.18691467728 -0.0665736187016 0.0594754020378 -0.946884951896
0.20466506576 -0.00325729100842 1.76523541835 0.353108903944 0.172661564484 1.73668213618
2.15790189506 0.185636736612 -1.34935722486 2.15790189506 0.185636736612 -1.34935722486
-0.213633806589 0.413585043007 0.774998494826 -0.262437109486 0.188035509511 0.797951723341
1.91902024209 0.713112570772 1.25032403297 1.91902024209 0.713112570772 1.25032403297
0.372002420646 0.697460563176 3.67892428228 0.372002420646 0.697460563176 3.67892428228
-2.60044017373 0.135977833929 -3.88490274626 -2.60044017373 0.135977833929 -3.88490274626
2.6252359474 1.17691550381 0.28131324653 2.6252359474 1.17691550381 0.28131324653
-0.364652117681 0.910899531352 0.427392442774 -0.364652117681 0.910899531352 0.427392442774
1.33254927219 0.613343338998 2.41879315828 1.40452507352 0.425589826369 2.52165840305
-0.0349685708342 -0.770910563765 2.68128772748 -0.0349685708342 -0.770910563765 2.68128772748
-1.82974580863 -0.379606779948 -0.332027550509 -1.20229005584 -0.433333344742 -0.219917511833
-2.3736165067 -0.879136769901 -3.27817362694 -2.3736165067 -0.879136769901 -3.27817362694
-1.41650033843 -0.566394215694 2.61992227734 -1.4679289707 -0.226645859029 2.54090387862
2.03697002608 0.194935445448 -1.07670650217 2.03697002608 0.194935445448 -1.07670650217
2.18717267609 0.291077236633 0.173236253048 1.98091154467 0.105153705191 0.227844133608
0.798931730393 -0.293362152161 -0.693153790462 1.0138757614 0.134206751459 -1.01751635516
2.62844891489 0.0841993574956 0.0131913405505 2.95715072375 0.843480487219 0.476376499481
-2.24757713453 -0.974680243564 2.57625188624 -2.24757713453 -0.974680243564 2.57625188624
-1.68767941326 -0.956155836236 -1.0697952867 -1.68767941326 -0.956155836236 -1.0697952867
0.20070374848 0.135337144483 1.77952020938 -0.330854097123 0.321837327444 1.99156029622
0.206441311521 0.074487465661 1.4374711503 -0.0062844849683 -0.352193041206 1.06973994374
1.61709849915 0.541521434763 0.985014747597 1.79030579148 0.395623782411 1.17944243155
-0.377145341412 0.0888234484191 0.144358780925 -0.0109163863666 0.290330932637 -0.0953632927782
-3.08229602868 -0.133094642441 -0.451953180365 -3.08229602868 -0.133094642441 -0.451953180365
-2.65585278489 0.05212378544 -1.41669574016 -2.65585278489 0.05212378544 -1.41669574016
1.5992403643 0.98464932599 -2.99643263547 1.80270113716 1.36952093691 -3.01776176986
1.93379003931 0.0941704274113 4.79665549489 1.93379003931 0.0941704274113 4.79665549489
0.395463008976 0.210734551003 -1.08294737186 0.24823340805 0.0266747461253 -1.18691467728
1.03255682547 -0.140180165113 1.41491408054 1.37360943755 -0.288135864754 1.16896465513
0.103264243099 -0.329749942922 -0.12588387283 0.00203023214935 -0.496301721144 0.313947512463
-2.73288808034 0.870375435072 -5.20355401847 -2.73288808034 0.870375435072 -5.20355401847
6.98953233169 -0.250416759064 2.45132236641 6.98953233169 -0.250416759064 2.45132236641
-1.89319096283 -0.49501678685 -0.314254395413 -1.82239522979 -0.250565880955 -0.297474003489
-4.28627982549 0.0812790383777 1.72624347882 -4.28627982549 0.0812790383777 1.72624347882
0.431093230571 0.344076413069 -1.100112849 0.406295732087 0.388356007554 -1.0629280435
0.359965398907 -1.06463773097 -2.40844222349 0.359965398907 -1.06463773097 -2.40844222349
-4.67197296731 -0.0483220311888 -2.46892472315 -4.34549146809 -0.0514420451761 -2.55375690491
-0.201737129169 0.0159989564447 1.59281158614 -0.233322216805 0.492726641481 1.22741232268
-0.233322216805 0.492726641481 1.22741232268 -0.281519963408 0.525787503084 1.57583156744
-0.238470645379 -0.137247517953 1.02281328248 0.304257565904 -0.147109297321 0.248428372753
0.982851929721 -0.201016690528 -1.58899675625 0.982851929721 -0.201016690528 -1.58899675625
2.34563976168 0.578938771367 2.98183009622 2.34563976168 0.578938771367 2.98183009622
-3.62899004255 -0.0273653005243 -0.800725402445 -3.62899004255 -0.0273653005243 -0.800725402445
-1.26666124406 0.414101606549 0.450179093315 -0.991355033324 0.517197622878 0.735697122361
2.05406286909 0.74325964876 0.627563830057 2.05406286909 0.74325964876 0.627563830057
-3.99782690299 0.0282319300773 -3.66782057605 -3.99782690299 0.0282319300773 -3.66782057605
-2.67299987383 0.376007129071 -5.50327034795 -2.67299987383 0.376007129071 -5.50327034795
-0.796721332315 -0.549187407023 -0.156551428176 -0.509930782439 0.0542597667817 -0.363225556111
-0.771991554261 -0.0873693898544 1.80227099423 -0.771991554261 -0.0873693898544 1.80227099423
-0.157136157162 -0.155346427897 -1.24970230605 -0.433395141459 0.419313757023 -1.01476461175
-1.71919959083 -0.102475981941 -1.57615958295 -1.86584945533 0.0293496633154 -1.49657648099
2.63692156674 0.00873108213936 0.912206234166 2.8838231677 -0.136580708691 0.949988164878
-0.782360258687 -1.05560060589 1.40696235962 -0.782360258687 -1.05560060589 1.40696235962
-1.71575538727 0.164287255011 -7.04308211619 -1.71575538727 0.164287255011 -7.04308211619
-2.41547542206 0.0606810802908 1.40932323776 -2.41547542206 0.0606810802908 1.40932323776
0.863480533853 0.588758133579 1.13855884297 0.543048892263 0.226815367047 0.608916221667
-5.33268694881 -0.251779788736 -3.8807540344 -5.33268694881 -0.251779788736 -3.8807540344
-4.44580829991 -0.303013654772 1.61932895593 -4.44580829991 -0.303013654772 1.61932895593
-6.60879184961 0.341356860514 4.292721173 -6.60879184961 0.341356860514 4.292721173
2.48458427378 0.290881590604 0.780426092874 2.48458427378 0.290881590604 0.780426092874
-0.162509892476 0.282208251298 -0.563332240759 0.290104552455 0.368692995496 -0.796510858882
1.24022951572 0.0373735827059 -1.08869640617 0.798931730393 -0.293362152161 -0.693153790462
-0.0109163863666 0.290330932637 -0.0953632927782 -0.111001982558 0.345496275969 -0.399713697086
-0.95659332381 -0.418440984988 -0.444694920925 -1.35854820874 -0.115505080981 -0.449502463292
4.15833765773 0.19165723703 -0.527838497524 3.92335942174 0.705475662951 -0.510585316598
1.00376334131 0.224199254272 -3.61681590045 1.00376334131 0.224199254272 -3.61681590045
0.900980535989 0.314251621723 3.96250837669 0.900980535989 0.314251621723 3.96250837669
-0.885448009806 -0.734334042919 0.435654219789 -0.885448009806 -0.734334042919 0.435654219789
-0.0700024041477 0.126749892232 -1.28715709142 0.26723663546 0.0533103957918 -1.34052590862
1.74730194053 0.516842177343 2.92874844357 1.74730194053 0.516842177343 2.92874844357
-0.684947470377 0.528109708238 1.61717330181 -0.603465538933 0.220360817118 2.14496603959
-0.364000227237 -0.608702409553 -0.399162819512 -0.282771506494 -0.799709922625 -0.484854200298
0.133412847234 0.0499524386284 0.485664233401 -0.0121524146188 0.0870276817299 0.248630760966
1.43281096259 -0.0370899459091 1.62333857191 1.32215437241 -0.105487063537 1.23875624664
-9.8809865581 0.62354300382 -0.854796069846 -9.8809865581 0.62354300382 -0.854796069846
-0.0323254679075 0.16806827962 0.141608725373 0.118393451757 -0.30157331819 -0.194640443413
0.73546830359 0.316944366953 -0.0458819535066 0.73546830359 0.316944366953 -0.0458819535066
0.0417679072727 0.025373985336 2.10347801759 -0.0288267674583 0.380785510949 2.06060219376
-3.97718785381 -1.03324480284 3.74994287531 -3.97718785381 -1.03324480284 3.74994287531
-2.77853134718 0.672314751881 0.896813402468 -2.77853134718 0.672314751881 0.896813402468
-3.0370146786 -0.200530123514 2.77610641602 -3.0370146786 -0.200530123514 2.77610641602
-1.40698412272 -0.879158880882 -5.62007816263 -1.40698412272 -0.879158880882 -5.62007816263
0.0831750599665 -0.440873955207 -0.370966298059 -0.0334352383898 -0.00694919790102 -0.217319855828
1.44325242782 -0.0522071714682 -0.262345421262 1.44325242782 -0.0522071714682 -0.262345421262
0.520934186173 -1.1135398982 1.86416515099 0.520934186173 -1.1135398982 1.86416515099
4.40296203316 -0.356284868742 2.52479630953 4.26451733059 -0.0779647288678 2.49264570268
-0.991355033324 0.517197622878 0.735697122361 -0.861275322069 -0.11004815406 1.1233564441
-1.59188871037 0.409684513388 2.20487651696 -1.59188871037 0.409684513388 2.20487651696
0.35048304057 0.356059648618 0.936334887655 -0.156859419439 0.121533387619 0.881844633706
0.0712966404103 0.193608396595 -1.5909484019 0.204194702344 -0.237820589736 -1.5015220508
5.84954963808 -0.529896365217 3.39938284708 5.84954963808 -0.529896365217 3.39938284708
2.95715072375 0.843480487219 0.476376499481 2.75771543838 0.58799009774 -0.0536212531677
-5.57492121653 -0.0618196494722 -3.25941836344 -5.57492121653 -0.0618196494722 -3.25941836344
3.23515060135 0.120599533474 -1.10567298788 3.23515060135 0.120599533474 -1.10567298788
-4.56122976495 -0.338684406749 2.97365653581 -4.56122976495 -0.338684406749 2.97365653581
-0.0166679950391 0.106361867411 -1.50121765836 0.012016066824 0.319275921044 -1.55545551749
-1.45093459895 -0.199632117958 -0.103520192272 -1.47988174547 -0.015939363194 -0.33953037175
0.742934111617 -0.270294184291 0.0847771061893 0.670448737414 -0.0436276861518 -0.447977333423
-0.799770080876 0.861557967856 -8.11329613578 -0.799770080876 0.861557967856 -8.11329613578
-1.05576352359 -0.321381172083 1.37317478687 -0.958049071548 -0.0644946986877 1.43050698203
1.44431694158 -0.00496531609065 -0.225520847196 1.5043498471 0.0546239345204 0.0908198339292
-1.17055151091 0.0565124614609 -0.691186643328 -0.994904936636 0.174090772904 -0.850136391851
-0.868374040239 -0.734239433081 0.00231996558267 -0.868374040239 -0.734239433081 0.00231996558267
-1.19862723504 0.380330266109 -7.36951219225 -1.19862723504 0.380330266109 -7.36951219225
-1.00356991987 0.471458750489 -0.756559638365 -1.2707752275 0.248076637844 -1.13115201965
-1.42823956997 0.0280752444071 -4.98041823184 -1.42823956997 0.0280752444071 -4.98041823184
3.1511656759 0.376697872407 1.17671466206 3.1511656759 0.376697872407 1.17671466206
-0.0538639185191 0.330991409316 -1.53251695452 0.0712966404103 0.193608396595 -1.5909484019
1.80270113716 1.36952093691 -3.01776176986 1.5992403643 0.98464932599 -2.99643263547
1.53970154656 0.729564999102 1.09924343547 1.92743764187 0.182245368227 1.02757306336
-2.62148390591 1.00290663519 -3.6554368692 -2.65027740474 0.908835305944 -4.20624482802
4.37399659106 -0.842906938988 -6.63530662304 4.37399659106 -0.842906938988 -6.63530662304
3.72835117535 -1.23154687839 -7.67551083784 3.72835117535 -1.23154687839 -7.67551083784
0.187146165059 -0.28783565538 3.75130005459 0.2924241565 -0.503332746491 3.5278492069
0.419502789751 0.467445469494 1.77331996439 0.419502789751 0.467445469494 1.77331996439
-1.28414375367 0.751290021922 7.60376224245 -1.28414375367 0.751290021922 7.60376224245
-1.70021783057 -1.17298215554 1.15595723179 -1.70021783057 -1.17298215554 1.15595723179
0.406295732087 0.388356007554 -1.0629280435 0.299391594219 0.203506139995 -1.40260057277
0.012016066824 0.319275921044 -1.55545551749 -0.0166679950391 0.106361867411 -1.50121765836
-0.021690833195 0.171921469439 6.21916853197 -0.021690833195 0.171921469439 6.21916853197
0.195441244414 -0.233860774053 1.20657693365 0.195441244414 -0.233860774053 1.20657693365
0.0835499808373 0.493894703324 -0.680985452382 -0.157136157162 -0.155346427897 -1.24970230605
-0.0630458156828 0.674507459557 3.15352692226 -0.0630458156828 0.674507459557 3.15352692226
0.652600358599 -0.260412900727 -0.344107161737 0.652600358599 -0.260412900727 -0.344107161737
-1.2707752275 0.248076637844 -1.13115201965 -1.22357288918 0.333774400623 -1.08360392108
-0.0062844849683 -0.352193041206 1.06973994374 -0.238470645379 -0.137247517953 1.02281328248
-1.57328124026 -0.152238498651 -1.62430764416 -1.57328124026 -0.152238498651 -1.62430764416
-1.64653018874 0.529718531853 -2.62669444188 -1.64653018874 0.529718531853 -2.62669444188
1.88757487153 -0.15151444823 -1.4024164569 1.96467748108 -0.334645545659 -1.3509110094
2.45162544014 1.5811950395 2.87938503201 2.45162544014 1.5811950395 2.87938503201
-1.91754872328 0.442116539355 -1.03207728932 -1.91754872328 0.442116539355 -1.03207728932
-1.20618873146 0.159363074056 0.243287938474 -1.20895740455 -0.00709286864001 0.104567960662
1.5043498471 0.0546239345204 0.0908198339292 1.44431694158 -0.00496531609065 -0.225520847196
1.08002644455 -0.61886666359 0.0793143043845 0.628317297643 -0.260863725149 0.440297144272
2.50051708343 0.253980155371 0.00736388102818 2.90882731332 0.217999282829 -0.1792835332
-2.14343918596 0.383929570471 3.04784221091 -2.14343918596 0.383929570471 3.04784221091
0.170678603042 0.124766090837 1.38290688547 0.237005607606 0.0371689117911 1.1965216181
-1.82239522979 -0.250565880955 -0.297474003489 -1.89319096283 -0.49501678685 -0.314254395413
0.0772710555937 0.729140417411 -1.54263446835 -0.240493279271 0.38537759444 -1.43273131794
-1.46186718257 -0.0801176855623 -0.716314293844 -1.1169114797 0.0159368851407 -0.272706233555
-1.1313499264 -0.00318032459545 -1.20994358093 -0.398591657967 0.112167716806 -1.54525900827
1.89816126612 -0.0902751677815 -2.08915190891 1.89816126612 -0.0902751677815 -2.08915190891
1.79030579148 0.395623782411 1.17944243155 1.53970154656 0.729564999102 1.09924343547
0.353108903944 0.172661564484 1.73668213618 0.20070374848 0.135337144483 1.77952020938
-0.804304013718 0.0108134956776 1.43700157905 -0.751446850656 -0.0240011814424 1.07043683312
-6.62716938773 0.846769610026 1.5570902255 -6.62716938773 0.846769610026 1.5570902255
-1.08204337763 0.0201782737645 1.88954123593 -0.80455184471 -0.1185771067 1.96265567973
0.257188419605 -0.0493912587527 5.3143104551 0.257188419605 -0.0493912587527 5.3143104551
0.2924241565 -0.503332746491 3.5278492069 0.187146165059 -0.28783565538 3.75130005459
1.98091154467 0.105153705191 0.227844133608 2.18717267609 0.291077236633 0.173236253048
0.341825406564 -0.331370812526 -0.734729162224 0.0831750599665 -0.440873955207 -0.370966298059
8.09208867334 0.50659332794 -0.250993557927 8.09208867334 0.50659332794 -0.250993557927
-0.301161320419 -0.0130746203547 -0.21077533775 -0.0558744128805 -0.204090341714 0.0221554909897
-3.14302715075 -1.03850919503 -4.86208785645 -3.14302715075 -1.03850919503 -4.86208785645
0.204194702344 -0.237820589736 -1.5015220508 0.0869891315449 0.0923957852812 -1.62873958461
0.971741937309 0.0863264611581 3.88193167257 1.19221917262 -0.0849778678572 3.93704687502
3.93726733013 -0.255668889143 -1.43902082191 3.93726733013 -0.255668889143 -1.43902082191
1.19221917262 -0.0849778678572 3.93704687502 0.971741937309 0.0863264611581 3.88193167257
-0.955059627904 0.00249946887445 5.33894017583 -0.955059627904 0.00249946887445 5.33894017583
-3.17261033346 0.310501472815 0.988945234411 -3.17261033346 0.310501472815 0.988945234411
-4.22235109692 -0.642987082826 2.16099009692 -4.22235109692 -0.642987082826 2.16099009692
2.75771543838 0.58799009774 -0.0536212531677 2.99491239921 0.291712646701 -0.000119156623111
0.26723663546 0.0533103957918 -1.34052590862 0.60652485821 0.383938997284 -0.941530359175
-2.43913029938 -0.177812213148 -2.15471258946 -2.43913029938 -0.177812213148 -2.15471258946
-1.20895740455 -0.00709286864001 0.104567960662 -1.45093459895 -0.199632117958 -0.103520192272
0.662288227408 0.494648666507 0.177915320091 0.932351353057 0.581433994708 0.0541473197599
2.90882731332 0.217999282829 -0.1792835332 2.78188369196 0.349398176347 -0.229295287055
0.00558121124393 -0.710055116453 3.5360895186 0.00558121124393 -0.710055116453 3.5360895186
-0.312832829383 -0.300504342025 -0.977286042593 -0.496823473256 0.266670404326 -1.1082125256
1.55780681113 1.01873901696 -1.53832355143 1.55780681113 1.01873901696 -1.53832355143
-1.62406042837 1.14586296925 -1.93420319786 -1.62406042837 1.14586296925 -1.93420319786
-0.240493279271 0.38537759444 -1.43273131794 -0.485851691517 -0.0250189659036 -1.53643216299
-0.842438684292 -0.0217339992643 -0.651756648071 -1.20796122284 -0.0625006761705 -0.832445847226
1.50260141424 -0.164661185635 1.33649314371 1.43281096259 -0.0370899459091 1.62333857191
2.93243139893 -1.28601350153 2.17474028768 2.93243139893 -1.28601350153 2.17474028768
-2.37053427945 -0.41743375245 4.2758922878 -2.37053427945 -0.41743375245 4.2758922878
-3.50198086023 -0.962898754826 -0.0632195129174 -3.50198086023 -0.962898754826 -0.0632195129174
0.0777928965369 0.235273349602 -2.10939514921 0.022434460176 0.121598536249 -1.81087619074
-5.29669926088 -0.0739863279866 -2.77930079973 -5.29669926088 -0.0739863279866 -2.77930079973
0.164345616018 0.137052014968 0.46576681188 0.917409403069 0.0792494561136 0.782435844527
0.299391594219 0.203506139995 -1.40260057277 0.390632995684 -0.261494091625 -1.00987159502
2.85367777518 0.376498324555 5.31029628019 2.85367777518 0.376498324555 5.31029628019
-1.15908077652 0.0866403024271 0.988200549196 -0.959923867473 0.0295890903886 1.35070302652
0.114315561671 0.702948621631 1.43823953618 0.114315561671 0.702948621631 1.43823953618
-0.188657731888 0.031117553093 -0.0929588976031 -0.503872471341 -0.0578310618835 0.24739011989
-0.819127348889 -0.431515676827 -0.616444478123 -0.842438684292 -0.0217339992643 -0.651756648071
2.88914759688 -0.456227887454 1.62022568761 2.88914759688 -0.456227887454 1.62022568761
2.78188369196 0.349398176347 -0.229295287055 2.50051708343 0.253980155371 0.00736388102818
2.51973783155 -0.729002553034 0.365715562914 2.51973783155 -0.729002553034 0.365715562914
1.22703671446 1.04020274604 2.3364194927 1.22703671446 1.04020274604 2.3364194927
0.621346570479 -0.395226027818 -0.874160037192 0.514021500205 -0.264409091926 -1.00275300537
0.304257565904 -0.147109297321 0.248428372753 0.374170529285 -0.345909322601 -0.123174757894
-0.423133989424 -0.690712990342 -0.724889071339 -1.0038741922 0.113079252677 -0.525302313264
-0.0558744128805 -0.204090341714 0.0221554909897 -0.171425956093 -0.292939714466 -0.236858861076
1.00105690295 -0.110563673705 -1.07967183318 1.20473182394 -0.332924847199 -1.36719920916
-1.47988174547 -0.015939363194 -0.33953037175 -1.82974580863 -0.379606779948 -0.332027550509
0.569314617875 0.205344596702 0.743829057814 0.866050339461 0.45641970721 0.72305541267
-2.46848611181 -0.819781998339 0.556404871941 -2.46848611181 -0.819781998339 0.556404871941
6.63682442428 0.6428661271 -2.34775945727 6.63682442428 0.6428661271 -2.34775945727
1.03607179304 -0.181811036015 -5.42494628584 1.03607179304 -0.181811036015 -5.42494628584
0.126240003712 0.560980179823 3.66313259456 0.126240003712 0.560980179823 3.66313259456
-1.20229005584 -0.433333344742 -0.219917511833 -1.34890354177 -0.504992851393 -0.690541822462
6.67569633749 -0.492633523101 4.96468904548 6.67569633749 -0.492633523101 4.96468904548
1.20473182394 -0.332924847199 -1.36719920916 1.11553126854 -0.0851471812391 -1.34294363983
0.0126578487937 0.240731636019 -1.03050473088 -0.284290304147 -0.0317061100255 -0.381877931577
0.767561291496 -1.40589827578 -2.32317436739 0.767561291496 -1.40589827578 -2.32317436739
-6.6133713658 -0.207281105413 1.53001054228 -6.6133713658 -0.207281105413 1.53001054228
-4.15954916502 -0.613312476625 0.711799682452 -4.15954916502 -0.613312476625 0.711799682452
4.20069988196 0.328589987832 3.07705327851 4.20069988196 0.328589987832 3.07705327851
0.186253222015 0.565955188553 -5.85985034099 0.186253222015 0.565955188553 -5.85985034099
-0.885892070575 -0.136798458282 -4.72786181046 -0.885892070575 -0.136798458282 -4.72786181046
3.76253148802 -0.617919011774 0.629587376053 3.76253148802 -0.617919011774 0.629587376053
1.92743764187 0.182245368227 1.02757306336 1.83109145146 0.140021652357 1.06962781392
6.7228966831 -0.343297549742 2.43952730516 6.7228966831 -0.343297549742 2.43952730516
-0.489714743585 -0.442054306909 1.9008211967 -0.489714743585 -0.442054306909 1.9008211967
0.290104552455 0.368692995496 -0.796510858882 0.569161899327 0.326408261674 -1.20231457597
-0.385892638952 -0.0116289988649 2.21533555197 -0.299326441625 0.291540806986 1.80337382665
-3.25830393026 -0.0629343884507 -0.926449459199 -3.25830393026 -0.0629343884507 -0.926449459199
0.170135838612 0.0901578994292 1.02683676823 -0.454917145466 0.0192397526787 0.573152805659
-0.751446850656 -0.0240011814424 1.07043683312 -0.158703180896 0.169066459047 0.805777498254
1.8544105897 0.486977123873 4.88130318421 1.8544105897 0.486977123873 4.88130318421
-8.05220634327 -0.763918798374 -0.803939894332 -8.05220634327 -0.763918798374 -0.803939894332
1.96467748108 -0.334645545659 -1.3509110094 1.88757487153 -0.15151444823 -1.4024164569
-0.254941475157 0.485781050626 -3.66261608057 -0.254941475157 0.485781050626 -3.66261608057
-0.454917145466 0.0192397526787 0.573152805659 -0.0563194868488 0.217050852261 0.957489739484
-2.65027740474 0.908835305944 -4.20624482802 -2.62148390591 1.00290663519 -3.6554368692
-0.0474794222199 -0.558742163812 0.684791571378 0.0863751321755 0.0163245356013 0.642209962487
0.569161899327 0.326408261674 -1.20231457597 0.329343757011 0.455025885607 -0.514276319931
-0.00844273412471 -0.282524891087 -8.15897637408 -0.00844273412471 -0.282524891087 -8.15897637408
-1.5701123725 -0.550761280185 0.109045338041 -1.5701123725 -0.550761280185 0.109045338041
4.09340965194 -0.321298262371 -5.89568993897 4.09340965194 -0.321298262371 -5.89568993897
-3.61834479956 0.26836693565 1.29733939093 -3.61834479956 0.26836693565 1.29733939093
0.374170529285 -0.345909322601 -0.123174757894 0.742934111617 -0.270294184291 0.0847771061893
2.57742005543 0.182326729194 0.0162085765069 2.62844891489 0.0841993574956 0.0131913405505
-1.36611655164 0.425814184868 -2.71520774431 -1.36611655164 0.425814184868 -2.71520774431
-0.647358685146 0.201863710821 -1.50533986559 -0.589446171227 0.249816019333 -1.38278418347
5.6711767152 -0.798372409642 -4.12886792506 5.6711767152 -0.798372409642 -4.12886792506
-0.00695231984458 0.866181233461 0.756642208308 -0.00695231984458 0.866181233461 0.756642208308
-4.20003657586 -0.193415118896 -5.4330026952 -4.20003657586 -0.193415118896 -5.4330026952
0.347975906328 -0.114060952505 -0.545758619357 0.341825406564 -0.331370812526 -0.734729162224
0.0767585469642 -0.436840902064 -0.812480875909 -0.364000227237 -0.608702409553 -0.399162819512
1.66674750523 -0.169408811325 0.417824335378 1.66674750523 -0.169408811325 0.417824335378
-5.04619340453 0.658937568656 -8.10360899751 -5.04619340453 0.658937568656 -8.10360899751
1.04877084075 -1.00325354175 -2.39736676142 1.04877084075 -1.00325354175 -2.39736676142
-0.901658855709 -0.588574597457 -0.104220217365 -0.901658855709 -0.588574597457 -0.104220217365
-0.030966681917 -0.701995331155 -3.19224249843 -0.030966681917 -0.701995331155 -3.19224249843
0.488936930824 -0.767424115222 0.439012998933 0.866323542439 -1.15922388445 0.162207037022
0.362576883265 1.07985021861 0.572663023171 0.362576883265 1.07985021861 0.572663023171
0.998361149293 0.656798408789 -1.05684508474 1.30475723149 1.02149041929 -0.705019510092
2.24766170058 -0.407090028246 2.82701455176 2.24766170058 -0.407090028246 2.82701455176
-2.93412448943 -1.24630440613 -1.58482707711 -2.93412448943 -1.24630440613 -1.58482707711
2.99491239921 0.291712646701 -0.000119156623111 3.21104921097 -0.0150195964263 0.231337998913
0.251268513121 0.608398646026 0.579819959653 0.35048304057 0.356059648618 0.936334887655
5.19701214667 -0.128752403453 -0.679273088141 5.19701214667 -0.128752403453 -0.679273088141
-1.22357288918 0.333774400623 -1.08360392108 -1.1313499264 -0.00318032459545 -1.20994358093
-0.696834397686 0.367936497187 0.136335100187 -0.733345907037 0.613017745342 0.0482394321522
-0.589446171227 0.249816019333 -1.38278418347 -0.0538639185191 0.330991409316 -1.53251695452
0.917409403069 0.0792494561136 0.782435844527 0.452807116537 0.211284033839 1.04319253874
2.65246505992 -0.145996419901 0.811675348205 2.63692156674 0.00873108213936 0.912206234166
1.40452507352 0.425589826369 2.52165840305 1.2921372879 0.451245866533 2.61887282833
-0.646042852367 -0.413078554592 0.203419303385 -0.531602664535 -0.817899815276 0.0970172915526
-3.76276119118 0.327648044304 1.22087667762 -3.76276119118 0.327648044304 1.22087667762
2.08869779908 -0.414899246753 1.85215793074 2.24263827976 -0.446702189448 1.91334026566
0.514021500205 -0.264409091926 -1.00275300537 0.621346570479 -0.395226027818 -0.874160037192
2.71117832168 -0.21318773769 2.88327589412 2.81205367954 -0.297608779719 3.10707293784
-0.540775257904 0.243170548456 0.0623628629342 -0.29816000288 0.118185286191 0.617091035873
-0.648605237114 0.214989402023 -0.402766184309 -0.162509892476 0.282208251298 -0.563332240759
-3.60408129891 0.0535337097359 -0.463413011005 -3.60408129891 0.0535337097359 -0.463413011005
0.932351353057 0.581433994708 0.0541473197599 0.662288227408 0.494648666507 0.177915320091
-1.1169114797 0.0159368851407 -0.272706233555 -0.935585590833 0.646340886764 0.0200416673497
-2.6304093707 0.223556749484 4.6499595353 -2.6304093707 0.223556749484 4.6499595353
1.83109145146 0.140021652357 1.06962781392 2.00848648987 0.428924854571 1.29816493361
0.00203023214935 -0.496301721144 0.313947512463 -0.0474794222199 -0.558742163812 0.684791571378
3.98155933888 0.264426335359 3.68163037536 3.98155933888 0.264426335359 3.68163037536
-0.266651246005 0.00505143867568 -1.76921106072 -0.647358685146 0.201863710821 -1.50533986559
-1.34890354177 -0.504992851393 -0.690541822462 -0.95659332381 -0.418440984988 -0.444694920925
2.08708011176 1.01080283826 3.33130121223 2.08708011176 1.01080283826 3.33130121223
-5.96681654778 -0.308013629694 2.26643502455 -5.96681654778 -0.308013629694 2.26643502455
2.56292922813 0.340035477124 1.84643197619 2.56292922813 0.340035477124 1.84643197619
-1.86584945533 0.0293496633154 -1.49657648099 -1.71919959083 -0.102475981941 -1.57615958295
2.46343027804 -0.0629990454858 1.72297077171 2.46343027804 -0.0629990454858 1.72297077171
-1.4679289707 -0.226645859029 2.54090387862 -1.41650033843 -0.566394215694 2.61992227734
-0.312411063136 -0.633956553476 -0.963219818812 -0.312832829383 -0.300504342025 -0.977286042593
6.129790629 0.593542340226 2.19036716485 6.129790629 0.593542340226 2.19036716485
-0.924595116344 0.702057671637 1.20113052649 -1.20756160288 0.449563350249 1.10319622624
-0.284290304147 -0.0317061100255 -0.381877931577 -0.312411063136 -0.633956553476 -0.963219818812
-0.485851691517 -0.0250189659036 -1.53643216299 -0.530409224663 0.351586158459 -1.28449138329
3.92335942174 0.705475662951 -0.510585316598 4.15833765773 0.19165723703 -0.527838497524
-1.56453695397 0.445345092327 3.67149178912 -1.56453695397 0.445345092327 3.67149178912
2.13136378186 -0.664029367544 -6.33604010001 2.13136378186 -0.664029367544 -6.33604010001
0.652167169201 0.258748033215 -8.96770404131 0.652167169201 0.258748033215 -8.96770404131
0.450999315169 -0.109445442011 0.947391063007 0.450999315169 -0.109445442011 0.947391063007
2.00848648987 0.428924854571 1.29816493361 1.61709849915 0.541521434763 0.985014747597
-0.9709930987 0.0694827667125 1.95405191555 -0.804304013718 0.0108134956776 1.43700157905
-0.594229899169 -0.288782486432 1.90098600295 -0.594229899169 -0.288782486432 1.90098600295
1.22268355821 -0.682436518979 1.111878193 1.22268355821 -0.682436518979 1.111878193
-3.69758210692 -0.586506538533 4.51031638075 -3.69758210692 -0.586506538533 4.51031638075
-0.9098467827 0.0228634852417 -0.427670270434 -0.9098467827 0.0228634852417 -0.427670270434
0.583452724805 -0.0981353324663 -0.760604207619 0.412028977582 -0.00557329274512 -1.01457844218
-1.50644422966 0.778379005503 -4.31808568702 -1.50644422966 0.778379005503 -4.31808568702
2.13247140278 -0.0375717981347 3.16432134005 1.33254927219 0.613343338998 2.41879315828
-0.161121127038 -0.160581752092 3.08642739287 -0.161121127038 -0.160581752092 3.08642739287
-0.958049071548 -0.0644946986877 1.43050698203 -1.05576352359 -0.321381172083 1.37317478687
-5.77170764544 0.315329903141 0.000289068151767 -5.77170764544 0.315329903141 0.000289068151767
-7.48719729515 -0.0163948339678 -2.39672805009 -7.48719729515 -0.0163948339678 -2.39672805009
0.854394510744 -0.694300613988 6.16152044976 0.854394510744 -0.694300613988 6.16152044976
-3.21365474176 -0.520306174303 -2.35154763724 -3.21365474176 -0.520306174303 -2.35154763724
2.17486530668 -0.416206336552 -2.51050833545 2.17486530668 -0.416206336552 -2.51050833545
0.0863751321755 0.0163245356013 0.642209962487 0.751315938072 0.0773104472582 0.580820249305
-0.959923867473 0.0295890903886 1.35070302652 -0.467335594175 -0.0757684600656 1.16790259046
3.01288948156 -0.375782962942 1.35591082632 3.01288948156 -0.375782962942 1.35591082632
0.209112152066 -1.10458333403 2.28142892594 0.209112152066 -1.10458333403 2.28142892594
