-0.277210068933 -1.42102209229 -4.35489855021 -0.277210068933 -1.42102209229 -4.35489855021
-0.338443913507 -1.39735759712 0.388874616347 -0.0571832887693 -1.24309325066 0.290356768312
0.0401395182716 0.21243431067 0.593521345134 0.188713499109 0.261967423605 0.560988304799
-1.37232372908 1.02213756651 -3.79288962399 -1.37232372908 1.02213756651 -3.79288962399
0.0937030954218 -0.0232241697746 1.43669635032 -0.102317949183 -0.091566732014 0.908538363495
-0.470018952588 0.105597777611 1.81059923644 -0.537280465537 -0.0151340248018 1.10915877027
0.0155431724209 -0.121584354456 -0.288155525843 -0.234804602763 0.31120711273 -0.330582128421
0.0651145089569 -0.500166724461 0.790834811981 0.391355431841 -0.26024681685 0.56793246162
-1.68076334691 0.255872910967 -3.61328324617 -1.68076334691 0.255872910967 -3.61328324617
0.215151699652 -0.403690160264 -2.97539535429 0.215151699652 -0.403690160264 -2.97539535429
-0.400323399407 0.575307796716 2.17020332795 -0.400323399407 0.575307796716 2.17020332795
0.379317954678 -0.178773599042 -0.83618151231 0.741814834638 -0.0158225507232 -0.473581059206
-2.50242729503 -1.02843950127 3.72423760462 -2.50242729503 -1.02843950127 3.72423760462
0.417483538691 0.283804997086 -5.14586683761 0.417483538691 0.283804997086 -5.14586683761
-0.635805591635 0.181369674973 -1.06394751292 -0.758160842126 -0.133280417528 -0.893729915898
0.282068445224 0.602584704221 4.80644075225 0.282068445224 0.602584704221 4.80644075225
0.436647859597 -0.178223165986 -4.00755313298 0.436647859597 -0.178223165986 -4.00755313298
-0.374588410346 -0.708354063648 -0.406458406323 -0.475053222239 -0.74827001022 -0.698763276337
0.302641605895 0.266779109975 -6.70810896631 0.302641605895 0.266779109975 -6.70810896631
-1.20748577068 0.596082870429 1.95776482094 -1.20748577068 0.596082870429 1.95776482094
0.339080647683 0.463236964582 0.198655763213 -0.132451461493 0.453598612409 0.349491062109
0.593674733289 1.17960987029 7.36814177408 0.593674733289 1.17960987029 7.36814177408
-0.537000228084 -0.187950972118 1.79438441823 -0.298044365495 0.177118523599 2.19672434156
-0.0499452781324 0.0443035121205 -3.17227182782 -0.0499452781324 0.0443035121205 -3.17227182782
-0.0576160843471 -0.0496318924263 0.321770424792 -0.209918866222 -0.181049772198 -0.225196318839
0.0970832489469 -0.491332568361 0.556052584776 -0.154244383871 -0.320690097388 0.783926281708
-0.330643284093 0.0280039392443 -1.43962017329 -0.330643284093 0.0280039392443 -1.43962017329
1.39392822581 1.21824406292 4.6804185941 1.39392822581 1.21824406292 4.6804185941
-0.120673914352 -0.208239810267 -0.412507730616 -0.0848302042655 -0.105543085826 -0.582464107228
0.234697974566 -0.516303164129 -2.55892721234 0.226582869457 -0.341380614953 -2.83666357131
2.74882667854 0.593634051431 4.47096532515 2.74882667854 0.593634051431 4.47096532515
-0.235776024234 -0.724223890969 0.204135328066 -0.391096814352 -0.388421609978 0.277599565056
0.721165142067 -0.612083352982 1.49347292669 0.721165142067 -0.612083352982 1.49347292669
0.905905089606 0.393567052956 7.43793748894 0.905905089606 0.393567052956 7.43793748894
-0.359634603445 0.146294313941 2.9207836743 -0.359634603445 0.146294313941 2.9207836743
0.309284164013 -0.195440745038 1.00566281512 0.621471543306 0.170834836109 1.07506924151
-0.68855154829 -0.0519354724828 -4.08218434532 -0.68855154829 -0.0519354724828 -4.08218434532
-0.454905251431 1.1979570363 1.89463054867 -0.454905251431 1.1979570363 1.89463054867
-0.725309284764 -1.79343385032 1.62879341125 -0.725309284764 -1.79343385032 1.62879341125
-0.531128071901 1.67182030092 1.61892685865 -0.531128071901 1.67182030092 1.61892685865
0.0783363552637 -0.740960707191 -1.88705212205 0.183294312626 -0.669244986872 -1.80350307691
0.370914255009 -0.234206465096 2.68643830797 0.462555080883 -0.289283747305 2.53040794401
0.334832897687 0.000944965604491 -0.739251017597 0.0702565473122 -0.2282641581 -0.718549156525
-0.0784313195305 0.486334459084 4.97792954529 -0.0578281405881 0.233968847248 5.0769261282
0.0707856689483 -0.522707273181 2.23022425166 0.0707856689483 -0.522707273181 2.23022425166
-0.376365028402 -0.000230490486297 0.131077058363 -0.206652607698 0.407292550214 0.263697803326
0.015502896882 -0.0302570488245 -4.29700563574 0.015502896882 -0.0302570488245 -4.29700563574
0.82081963244 -0.874392177574 -5.33040163995 0.82081963244 -0.874392177574 -5.33040163995
-0.402555558061 0.478100381185 -1.71638951052 -0.722010683796 0.0673131002661 -1.91212696685
0.218579187689 -0.340655452912 -0.365062484828 0.218579187689 -0.340655452912 -0.365062484828
0.179235574281 -0.263693188883 1.20032916986 0.00754461814417 -0.0428896242506 1.45044994633
-0.0124070010267 -0.0213205107208 0.193232422124 0.00720170471339 0.205722050743 0.58284453199
-0.132451461493 0.453598612409 0.349491062109 -0.204812085554 0.542562223328 0.474235325301
0.383516884435 -0.286968873513 -3.05894615288 0.383516884435 -0.286968873513 -3.05894615288
1.86871464478 1.3504379141 -1.56633808768 1.86871464478 1.3504379141 -1.56633808768
0.0716791596024 -0.41437086912 0.84136585697 0.0561261381915 -0.636786698309 0.859035369427
-0.259838917436 0.0909491603711 0.858010383069 0.161637833801 0.0760118243749 0.526432662834
-0.255517323196 -2.0646644154 -1.19298438905 -0.255517323196 -2.0646644154 -1.19298438905
0.319475763787 0.101669880407 -0.185259478888 0.809518705505 -0.119719453202 -0.336774540388
-1.13359763118 0.0991679482709 -3.29877534363 -1.13359763118 0.0991679482709 -3.29877534363
0.0265492081447 -0.84054291404 0.693993404998 -0.462914867529 -0.590809824154 0.803752351371
1.40105955729 0.543589976803 -0.873142264519 1.40105955729 0.543589976803 -0.873142264519
-0.233653024926 0.403404967789 -1.55327320231 -0.233653024926 0.403404967789 -1.55327320231
1.28466822477 -1.13069969952 -3.10930363763 1.28466822477 -1.13069969952 -3.10930363763
-1.24878665695 0.179433881135 7.57637270273 -1.24878665695 0.179433881135 7.57637270273
-0.204812085554 0.542562223328 0.474235325301 -0.163300429271 0.40437194333 0.66051541776
-0.160456936763 -0.0979402450997 -1.30990988442 -0.231263193432 -0.19364047418 -1.8358154091
-0.133841765023 0.682958218977 -0.539928251403 -0.340983246728 0.726760810115 -0.425368515053
-0.302474297495 -1.00628574648 3.40610918717 -0.302474297495 -1.00628574648 3.40610918717
-0.427259149698 -0.315500095796 -1.27978316512 -0.427259149698 -0.315500095796 -1.27978316512
0.175907519254 1.28313434566 -5.45092424011 0.175907519254 1.28313434566 -5.45092424011
-1.67900692123 0.446382294509 2.43121256791 -1.67900692123 0.446382294509 2.43121256791
0.699761700499 -0.214439116603 -1.27405125222 0.603537647182 0.199041294698 -1.66896846122
-0.835394747665 0.394850219291 -0.110667259715 -0.835394747665 0.394850219291 -0.110667259715
0.809518705505 -0.119719453202 -0.336774540388 0.609068662523 0.135619472125 -0.233163045611
-0.462503654078 -0.67385150068 0.0834258872517 -0.666261717659 -0.221247294096 0.0834830766902
0.200804986545 -0.351458833206 1.26082429075 0.0855865076951 0.0257402360723 1.30008605567
-0.0748087847616 -0.0569463467166 -0.446764510152 0.173347610454 -0.116043918025 0.133608390212
-1.40929380221 -1.1898420969 4.2018419654 -1.40929380221 -1.1898420969 4.2018419654
-1.09783694684 0.382337600615 -2.81086689947 -1.09783694684 0.382337600615 -2.81086689947
-0.537280465537 -0.0151340248018 1.10915877027 -0.771107663652 0.0411533529374 0.802523252454
-0.940628920684 0.396647389084 0.764725711249 -0.53345139038 0.585231126252 0.888530670312
-0.0496786096384 -0.119054880973 -1.96435899733 -0.532241677917 0.0420523954028 -2.24672613257
-0.838329738957 0.155457096338 3.36312476162 -0.767990883515 0.0736512598873 3.43219007805
0.394391281816 -0.516796486435 6.41846889539 0.394391281816 -0.516796486435 6.41846889539
0.173347610454 -0.116043918025 0.133608390212 0.097400344232 0.0379307148098 0.434431958452
-0.767990883515 0.0736512598873 3.43219007805 -0.838329738957 0.155457096338 3.36312476162
1.02500172351 0.63036113602 -0.686294817153 1.02500172351 0.63036113602 -0.686294817153
-0.395241238754 0.143632065669 1.76624400908 -0.470018952588 0.105597777611 1.81059923644
0.425061779267 -0.446971281443 -2.95416268663 0.425061779267 -0.446971281443 -2.95416268663
-0.799153415027 0.253766209679 -2.04647122001 -0.799153415027 0.253766209679 -2.04647122001
-0.428945408889 -0.514776905837 1.23429614813 -0.342616816359 -0.321169148204 1.36426507761
0.265537890626 -0.486386081716 3.47080447859 0.265537890626 -0.486386081716 3.47080447859
-0.310205390321 -0.311127922038 0.76528405648 -0.51482308522 -0.822916300047 0.413721504688
-0.200138949114 1.42554281465 1.40202688305 -0.200138949114 1.42554281465 1.40202688305
0.50040904974 -0.0756170789341 -0.535855852933 0.529036034303 -0.401256682369 -0.558675689959
-0.263304992814 -1.28370979312 -8.22998717794 -0.263304992814 -1.28370979312 -8.22998717794
1.15096163041 -0.897185185378 -1.48563310775 1.15096163041 -0.897185185378 -1.48563310775
-0.385739241912 -0.614266262844 0.575787484857 -0.310205390321 -0.311127922038 0.76528405648
0.169374888642 -0.964485971761 -0.555382806287 0.573321025759 -1.20184406645 -0.593576300185
-0.514177003916 1.4878821221 -4.58951722944 -0.514177003916 1.4878821221 -4.58951722944
-1.25702838426 0.773844270326 -4.78133724006 -1.25702838426 0.773844270326 -4.78133724006
0.903944309079 0.00208171086588 -2.88095190295 0.903944309079 0.00208171086588 -2.88095190295
0.427360000923 -0.168470581745 0.766347842757 0.551535849266 -0.115431230307 0.477583534181
-0.831812078671 1.33651800141 -1.66268892829 -0.831812078671 1.33651800141 -1.66268892829
-0.418303669012 -0.147625102816 0.73889851419 0.0651145089569 -0.500166724461 0.790834811981
0.367522839651 -0.315324063535 2.06496192261 0.0149521395907 -0.799852952347 2.18914894251
0.122466213155 0.405477611842 0.518578516486 0.309284164013 -0.195440745038 1.00566281512
-0.190366395964 0.3791105192 -6.0197711871 -0.190366395964 0.3791105192 -6.0197711871
-1.13754812251 -1.11182912334 -2.27580618744 -1.13754812251 -1.11182912334 -2.27580618744
-1.14988187134 2.14829959894 -1.60542783807 -1.14988187134 2.14829959894 -1.60542783807
-0.361039303871 -0.668449262061 1.75722314523 -0.361039303871 -0.668449262061 1.75722314523
-0.53345139038 0.585231126252 0.888530670312 -0.940628920684 0.396647389084 0.764725711249
0.0491216416316 0.120571666706 -1.02155615624 -0.234248044453 0.176315742616 -1.07849847872
0.128230444516 -0.214440651664 0.998360953559 0.1327648759 -0.567556207535 0.961234434292
0.354266620838 -0.565807344235 -2.18004301285 0.259019488632 -0.66082641488 -2.40707339694
1.77586580111 -0.320329258928 -2.17860192486 1.77586580111 -0.320329258928 -2.17860192486
1.16916277135 1.53183554848 5.34153158579 1.16916277135 1.53183554848 5.34153158579
0.590672906602 0.299998263143 1.34042930895 0.460341694735 -0.0758186114441 1.65852018014
0.573321025759 -1.20184406645 -0.593576300185 0.645716821897 -1.08777299542 -0.464811453176
0.175202045407 2.23596249081 3.3152985685 0.175202045407 2.23596249081 3.3152985685
0.121671972399 -0.968808776574 -1.80891388571 0.0783363552637 -0.740960707191 -1.88705212205
-0.973216821022 1.62736444017 -0.525938805973 -0.973216821022 1.62736444017 -0.525938805973
0.221380800951 -0.470649029679 0.791199674468 0.128230444516 -0.214440651664 0.998360953559
0.43538196264 -0.394337569182 2.04903877833 -0.199860396666 -0.326920449644 1.76836930145
-0.342616816359 -0.321169148204 1.36426507761 0.0937030954218 -0.0232241697746 1.43669635032
-0.133877080743 -1.05848180735 0.915874156317 -0.133877080743 -1.05848180735 0.915874156317
-0.376543493719 0.218743047564 -0.443397588484 -0.376543493719 0.218743047564 -0.443397588484
0.78046959858 0.265354654267 0.776083161713 0.479508072624 -0.110955979757 0.42604314094
-0.314846653472 0.625967507863 -3.85578876307 -0.314846653472 0.625967507863 -3.85578876307
-1.37575359213 -0.103536393644 6.58448496927 -1.37575359213 -0.103536393644 6.58448496927
-0.356162334967 -0.5293467808 0.505825231694 -0.356162334967 -0.5293467808 0.505825231694
0.604456353273 0.317905076629 -0.508705793534 0.92705086819 0.626733849814 -0.749451888796
-0.011958643964 0.142124024982 2.49200813818 -0.011958643964 0.142124024982 2.49200813818
-0.0644680650627 -0.359725915342 -0.518280600547 -0.0248092665095 -0.357312401293 -0.425970831531
0.922999330744 0.249079143167 2.7416413592 0.922999330744 0.249079143167 2.7416413592
0.630837411501 0.740987807471 -1.8075383589 0.630837411501 0.740987807471 -1.8075383589
-0.722010683796 0.0673131002661 -1.91212696685 -0.665924347198 -0.0238247828794 -1.64790236967
0.161637833801 0.0760118243749 0.526432662834 0.90856239482 -0.0952954154632 0.541813110946
-1.15429349425 0.126318912087 2.10231634133 -1.15429349425 0.126318912087 2.10231634133
-0.340983246728 0.726760810115 -0.425368515053 0.339080647683 0.463236964582 0.198655763213
-0.909058791869 -1.64763541219 3.05723274911 -0.909058791869 -1.64763541219 3.05723274911
-0.268946539703 0.0783293521357 -0.402279650383 -0.268946539703 0.0783293521357 -0.402279650383
-0.358163614618 -0.262972105469 -0.00192668642836 -0.047021275468 -0.0355997898359 -0.0723295292535
0.0829855120782 0.298381592478 1.17567823811 0.0821427000899 0.195638369128 1.27259310561
-0.277475943603 -0.0228617644937 -1.48384133073 -0.356189714192 -0.150363280271 -1.59946107415
-0.953751871226 1.19339263025 -4.79782161915 -0.953751871226 1.19339263025 -4.79782161915
-0.0325367030874 0.160670368817 0.437280940525 0.0706595952046 0.40821545115 0.0512755883909
0.0534346196123 0.377623782902 -0.839894379052 0.524242852319 0.252177594966 -1.05381635867
0.413747075715 -0.601255027971 -4.70186260246 0.413747075715 -0.601255027971 -4.70186260246
1.72899092737 -0.338090769151 -2.62784701455 1.72899092737 -0.338090769151 -2.62784701455
0.614442563319 0.284726890849 -1.17993376176 0.288376538281 0.221723660042 -0.914402066015
0.753967076728 0.310212702528 4.04070479727 0.753967076728 0.310212702528 4.04070479727
-0.175604005437 2.17892488971 0.327819919027 -0.175604005437 2.17892488971 0.327819919027
0.0757244369607 -0.529120051484 -6.05274676039 0.0757244369607 -0.529120051484 -6.05274676039
0.521135930565 -0.272922944739 -0.996354588269 0.521135930565 -0.272922944739 -0.996354588269
0.92705086819 0.626733849814 -0.749451888796 0.604456353273 0.317905076629 -0.508705793534
1.79441559449 0.607483506181 -2.70983779197 1.79441559449 0.607483506181 -2.70983779197
-0.0578053142291 -0.379670620921 0.693957679102 -0.157718673627 -0.525033846909 0.120754605387
0.250696643566 -0.457843811756 10.7535057574 0.250696643566 -0.457843811756 10.7535057574
-0.722954782012 1.05783259144 2.39286917011 -0.722954782012 1.05783259144 2.39286917011
1.65785208649 1.43989360263 0.420925994585 1.65785208649 1.43989360263 0.420925994585
1.35696696593 0.284748943393 2.42783222287 1.35696696593 0.284748943393 2.42783222287
-0.385518279592 -0.878734193294 1.2640197181 -0.12479928608 -0.610661187941 1.01447899795
-0.703824014689 -0.336354071665 -3.45269330412 -0.703824014689 -0.336354071665 -3.45269330412
-0.134303399093 -0.0470070157297 -0.760317251486 -0.134303399093 -0.0470070157297 -0.760317251486
-0.0352570553846 -0.185375279115 0.27850574343 -0.0571649169274 0.085816007435 0.305673030839
0.0601162808482 0.325166901591 -0.424488972261 -0.134618624108 0.209661196918 -0.949653481571
0.644865779629 2.58634773097 -2.67740203172 0.644865779629 2.58634773097 -2.67740203172
0.168423912625 -0.00550008673918 0.108372884159 0.132299763884 0.328178223305 0.0137378724074
-0.0722665823833 0.304365588592 -0.706546319317 0.0463434049912 0.722669464692 -0.609690286892
0.589750094052 0.240341597925 0.0188203036729 0.486528155305 0.158179095335 0.141054598853
-1.53851402853 -0.132165468663 -3.13970136072 -1.53851402853 -0.132165468663 -3.13970136072
0.462555080883 -0.289283747305 2.53040794401 0.367522839651 -0.315324063535 2.06496192261
0.115029376634 -0.663009972841 -3.89914446155 0.115029376634 -0.663009972841 -3.89914446155
-0.237522208534 -0.0100114775214 -0.300354714936 -0.0385676545801 0.388056631809 -0.437320283411
-0.508772875379 -0.181947686633 0.923206752965 -0.508772875379 -0.181947686633 0.923206752965
-0.732023925495 0.50559421875 1.7834228196 -0.732023925495 0.50559421875 1.7834228196
-0.0279909952667 0.479100518658 4.45650995256 -0.0279909952667 0.479100518658 4.45650995256
-0.0578281405881 0.233968847248 5.0769261282 -0.0784313195305 0.486334459084 4.97792954529
0.109511135167 -1.43533832272 2.93600332951 0.109511135167 -1.43533832272 2.93600332951
0.245079845351 -1.12167977033 0.597916335491 0.245079845351 -1.12167977033 0.597916335491
0.259019488632 -0.66082641488 -2.40707339694 0.234697974566 -0.516303164129 -2.55892721234
0.407552132845 0.235564796601 0.708639247995 0.802462673944 -0.0652322000416 0.863173004154
0.00350915108151 -0.000172049878681 0.0637045003418 0.319475763787 0.101669880407 -0.185259478888
0.182525480595 -1.5466895036 -1.94738421195 0.182525480595 -1.5466895036 -1.94738421195
-0.0248092665095 -0.357312401293 -0.425970831531 0.330179589483 -0.0449733905338 -0.874965868482
0.980279066484 -0.386235559858 -0.933876115676 0.980279066484 -0.386235559858 -0.933876115676
0.0766832132628 0.573629639849 -0.04324822494 0.0766832132628 0.573629639849 -0.04324822494
-0.758160842126 -0.133280417528 -0.893729915898 -0.635805591635 0.181369674973 -1.06394751292
-0.580763279069 -0.284550866059 -2.37089386308 -0.609316233632 -0.39123995242 -2.41510755299
-0.0880671052658 0.399617530649 0.0351736255106 -0.237522208534 -0.0100114775214 -0.300354714936
-0.146816524047 0.597356436318 -0.496011131791 0.0286037994124 0.233513022174 -0.99401265318
-0.109993300597 -0.0475939585287 0.4095929718 -0.109993300597 -0.0475939585287 0.4095929718
-0.314603725669 0.311401692259 1.68291027517 0.0295625640434 0.232766396779 2.05418971481
-1.42047942119 1.00470283803 -2.07777741932 -1.42047942119 1.00470283803 -2.07777741932
1.02519653824 -0.221281104301 1.32339637416 1.02519653824 -0.221281104301 1.32339637416
-0.181788167101 -0.575251219601 -2.02541906988 -0.307751749796 -0.468111684728 -2.16847454882
-0.378492805148 0.149287134646 0.620271799143 0.122466213155 0.405477611842 0.518578516486
-0.666261717659 -0.221247294096 0.0834830766902 -0.665081946836 0.244423965807 -0.0272034125481
-0.705704932387 -0.0715631561995 -2.8242661555 -0.705704932387 -0.0715631561995 -2.8242661555
0.268903792442 -0.024817722079 -1.5270390973 -0.160456936763 -0.0979402450997 -1.30990988442
-0.58550948845 -0.0235077978188 -1.59561791881 -0.381312459135 -0.0639817701183 -1.60108397323
0.529036034303 -0.401256682369 -0.558675689959 0.50040904974 -0.0756170789341 -0.535855852933
-0.595619736417 1.14262469598 3.36583200427 -0.595619736417 1.14262469598 3.36583200427
-0.51406523326 -0.985998022692 0.259647136503 -0.51406523326 -0.985998022692 0.259647136503
-0.163300429271 0.40437194333 0.66051541776 -0.378492805148 0.149287134646 0.620271799143
-0.154244383871 -0.320690097388 0.783926281708 -0.0578053142291 -0.379670620921 0.693957679102
-2.06517466838 0.103438215728 0.749298703157 -2.06517466838 0.103438215728 0.749298703157
-0.197944771013 -0.133687530208 1.63166261178 -0.537000228084 -0.187950972118 1.79438441823
0.213172003334 0.35695954859 0.336944555642 0.332615880221 -0.0650906648192 0.165560242632
-1.33544496585 0.240979614905 2.71597658048 -1.27920263058 0.300333408706 2.61705302935
-0.108155077547 -0.114526656139 -0.626953619207 0.0155431724209 -0.121584354456 -0.288155525843
-1.41117779176 -0.247993236081 -0.914581697723 -1.41117779176 -0.247993236081 -0.914581697723
-0.548737997384 -0.569136696662 -3.33260746598 -0.548737997384 -0.569136696662 -3.33260746598
0.332615880221 -0.0650906648192 0.165560242632 0.168423912625 -0.00550008673918 0.108372884159
-0.777473176051 -0.120465932197 3.11173862295 -1.00723224201 0.0978318773499 3.14230220532
0.815195110818 -0.112649947151 -0.452604864797 0.379317954678 -0.178773599042 -0.83618151231
0.532710808529 1.07605559199 -1.63114628408 0.532710808529 1.07605559199 -1.63114628408
-1.15990869363 -0.790180733862 0.308957583822 -1.15990869363 -0.790180733862 0.308957583822
0.0594956559076 0.00118910581422 1.49931209613 0.0369297527852 0.086110418249 1.49211709629
-0.28817335552 0.202317846745 -4.54014112865 -0.28817335552 0.202317846745 -4.54014112865
-0.516616272672 -0.346951706717 1.46699998002 -0.665121890969 -0.469820889608 1.520977162
-0.293322342376 0.104314610318 -0.501222128768 0.0534346196123 0.377623782902 -0.839894379052
0.367474932597 -0.0423251075678 -3.28174239198 0.367474932597 -0.0423251075678 -3.28174239198
0.480941470484 -1.05501865136 -1.31019459557 0.480941470484 -1.05501865136 -1.31019459557
0.0149521395907 -0.799852952347 2.18914894251 0.486079154746 -0.577769264378 2.50657181047
-0.0446000762949 -0.151553272968 -2.56820140626 -0.0560133669771 -0.472311281229 -2.26503803531
1.72262923348 -0.984801564464 -3.09539903984 1.72262923348 -0.984801564464 -3.09539903984
0.744494451824 -1.06743391465 0.401878364541 0.706947529514 -1.00198334564 0.364031125923
0.598374054652 0.472217433576 5.88824813153 0.598374054652 0.472217433576 5.88824813153
1.30982479631 -0.517046138672 -2.77855306952 1.30982479631 -0.517046138672 -2.77855306952
0.609068662523 0.135619472125 -0.233163045611 0.589750094052 0.240341597925 0.0188203036729
0.247172955924 -0.233148915007 0.94496020186 0.127171814352 -0.050571546022 1.06785027292
-0.902225557296 0.48975216939 2.69519431752 -0.902225557296 0.48975216939 2.69519431752
0.138617286628 0.199942573889 -2.46698304567 0.0639311677457 -0.16128433139 -2.41143770854
0.329894187787 -0.48798622139 -3.20574300292 0.587077038725 -0.277883799336 -3.14763818259
-0.92824904475 -0.305701375356 -4.66753054127 -0.92824904475 -0.305701375356 -4.66753054127
0.448190901082 -0.666977800626 1.84207476278 0.448190901082 -0.666977800626 1.84207476278
0.375099394857 0.32679821563 1.74748064126 0.375099394857 0.32679821563 1.74748064126
-0.22149251029 0.150819952284 1.35157259594 -0.197944771013 -0.133687530208 1.63166261178
-0.954685913519 -1.01650876751 -1.23236148066 -0.954685913519 -1.01650876751 -1.23236148066
0.587077038725 -0.277883799336 -3.14763818259 0.329894187787 -0.48798622139 -3.20574300292
1.03455246373 -1.17496507026 0.344657039581 1.03455246373 -1.17496507026 0.344657039581
0.0463434049912 0.722669464692 -0.609690286892 -0.146816524047 0.597356436318 -0.496011131791
0.99640266865 0.459696156492 2.2338226417 0.99640266865 0.459696156492 2.2338226417
-0.771107663652 0.0411533529374 0.802523252454 -0.26429179358 0.00591924249597 0.750019785213
0.290079109218 -0.734505856031 1.2581772091 0.290079109218 -0.734505856031 1.2581772091
0.305846255061 0.103747596128 1.56744919423 0.22796903222 -0.172740466821 1.78617455395
-0.118330009899 0.123389216382 0.418781530528 -0.0352570553846 -0.185375279115 0.27850574343
-0.362291445122 0.597724995662 -3.84439717198 -0.362291445122 0.597724995662 -3.84439717198
-0.262914591266 -0.358664817384 1.98874686346 -0.0669018276375 -0.355952310121 1.57891528855
-0.555950767949 -2.0440703371 -1.60306391781 -0.555950767949 -2.0440703371 -1.60306391781
-0.40628537885 0.489107554393 -1.11944131377 0.0785827844719 -0.120098555768 -1.03551596063
-0.665924347198 -0.0238247828794 -1.64790236967 -0.58550948845 -0.0235077978188 -1.59561791881
-0.12479928608 -0.610661187941 1.01447899795 0.0769691092082 -0.418929240288 1.33932957807
-0.201737533691 1.03023322496 0.917375392057 0.180018189427 1.39138516229 0.907543122579
-0.339882157475 -0.298241880041 1.5202399368 -0.395241238754 0.143632065669 1.76624400908
0.183294312626 -0.669244986872 -1.80350307691 0.459023932143 -0.273738818885 -1.70036869835
0.863180635107 0.507217215354 0.47065589003 0.600502006516 0.162006945177 0.43183439617
-0.0685171155312 -0.486807359317 1.81357783665 0.388895845352 -0.0551347079602 1.64077356941
0.22796903222 -0.172740466821 1.78617455395 0.305846255061 0.103747596128 1.56744919423
-0.306402397347 0.377838383794 5.14667660394 -0.306402397347 0.377838383794 5.14667660394
0.698134343325 -0.152815755555 4.74670075289 0.698134343325 -0.152815755555 4.74670075289
0.290426752774 0.66071491059 -1.89753888123 -0.402555558061 0.478100381185 -1.71638951052
-0.356189714192 -0.150363280271 -1.59946107415 0.0894674529765 -0.219921127769 -1.36893874562
-0.2480615779 -0.357432552737 2.12592687382 -0.105811594976 -0.668469216048 2.40333382385
-0.227881336415 0.986383222608 1.84699361037 -0.3129524957 0.796466505781 2.25097663928
0.0275443257893 1.13746357478 -2.25835274653 0.0275443257893 1.13746357478 -2.25835274653
-0.0560133669771 -0.472311281229 -2.26503803531 -0.181788167101 -0.575251219601 -2.02541906988
-0.353343309474 1.75377631949 -3.86918552745 -0.353343309474 1.75377631949 -3.86918552745
-0.0374771691669 -2.20814187874 1.2885854844 -0.0374771691669 -2.20814187874 1.2885854844
-0.209918866222 -0.181049772198 -0.225196318839 -0.108155077547 -0.114526656139 -0.626953619207
-1.00723224201 0.0978318773499 3.14230220532 -0.777473176051 -0.120465932197 3.11173862295
0.382695747865 -2.35681227135 -0.727908128577 0.382695747865 -2.35681227135 -0.727908128577
0.0729732944011 0.0855326599954 -0.784153798072 -0.192602380452 0.214504409371 -0.990579177129
-0.0877118652993 -0.0376547912126 -7.70104039065 -0.0877118652993 -0.0376547912126 -7.70104039065
0.286998097012 -0.975950612599 2.71623370266 0.286998097012 -0.975950612599 2.71623370266
-0.645522186791 -0.276373410929 0.325321029275 0.0265492081447 -0.84054291404 0.693993404998
-0.392692333476 0.170949777141 -0.406464310272 -0.133841765023 0.682958218977 -0.539928251403
-0.486845710077 0.660074490621 -3.5509298168 -0.691331989339 0.547493235069 -3.26147396364
-0.0439097692835 1.09268938973 -0.664255676339 -0.0439097692835 1.09268938973 -0.664255676339
-0.609316233632 -0.39123995242 -2.41510755299 -0.580763279069 -0.284550866059 -2.37089386308
-0.102317949183 -0.091566732014 0.908538363495 -0.145711881138 0.207429900426 0.676442695491
0.323942400685 -0.0359093290032 0.732990737893 -0.0507334273831 0.0596921495535 0.654288126161
-0.134618624108 0.209661196918 -0.949653481571 -0.332943327833 0.143528731648 -0.499286448041
-0.537242252302 -0.613984739161 2.65837257121 -0.537242252302 -0.613984739161 2.65837257121
1.25732433677 -1.15473860236 -3.52879107025 1.53044160102 -1.22687957719 -3.35346188626
1.50988149804 -2.30808852021 3.7720373133 1.50988149804 -2.30808852021 3.7720373133
0.0894674529765 -0.219921127769 -1.36893874562 -0.185898474724 -0.296351494386 -1.30536745638
-0.32924854672 -0.0796901296344 1.94811102223 -0.53447472626 0.0136879689497 1.86427131168
0.238053232113 0.583893980258 -1.40720537131 0.238053232113 0.583893980258 -1.40720537131
-0.391096814352 -0.388421609978 0.277599565056 -0.433576214505 -0.603053793444 0.369663114328
0.416541026856 -0.730168886255 3.88567255778 0.202131927068 -0.558576571554 4.1501312923
-0.695271697968 0.0129663717277 6.25811441924 -0.695271697968 0.0129663717277 6.25811441924
0.758783171785 1.02786502871 -4.89289721204 0.758783171785 1.02786502871 -4.89289721204
-1.98665799783 -0.842511075764 -2.6258419915 -1.98665799783 -0.842511075764 -2.6258419915
0.716490464811 -0.683338281977 -5.2621415059 0.716490464811 -0.683338281977 -5.2621415059
0.0673807226411 0.420008826452 -2.36161964167 0.0673807226411 0.420008826452 -2.36161964167
0.607430115146 -0.541490827412 0.634220255407 0.0970832489469 -0.491332568361 0.556052584776
-0.0652038785236 0.792715444059 -0.509700335003 -0.0652038785236 0.792715444059 -0.509700335003
0.0646342072715 -0.122139676838 -0.0165862163653 -0.174997766102 0.0771201158116 0.0204411880611
-0.232614005671 0.650313642446 -3.56472467222 -0.232614005671 0.650313642446 -3.56472467222
0.188713499109 0.261967423605 0.560988304799 0.629852515655 0.603713704193 0.609832479362
-0.475053222239 -0.74827001022 -0.698763276337 -0.567584165727 -0.812369696735 -0.447728239846
0.410758446384 -1.70667878306 -1.490241952 0.410758446384 -1.70667878306 -1.490241952
-0.462914867529 -0.590809824154 0.803752351371 -0.310493134171 -0.591580747719 0.800041696462
-0.397397185083 -0.383697298041 2.29032270742 -0.732173315318 -0.0373977647523 2.16099567848
-0.381312459135 -0.0639817701183 -1.60108397323 -0.277475943603 -0.0228617644937 -1.48384133073
0.800086005861 -0.0579714038716 2.22894935636 0.800086005861 -0.0579714038716 2.22894935636
-0.105811594976 -0.668469216048 2.40333382385 -0.275910540124 -0.273138895259 2.18688877654
-2.84912432673 0.487692380876 -0.344474133203 -2.84912432673 0.487692380876 -0.344474133203
0.291676900792 0.971005167046 -0.682293558726 0.291676900792 0.971005167046 -0.682293558726
-0.200707002658 -0.496623088533 5.00757752236 -0.200707002658 -0.496623088533 5.00757752236
-0.688384002475 2.40738822791 -6.06587616453 -0.688384002475 2.40738822791 -6.06587616453
-1.0840969917 0.701143769891 3.64543739239 -1.0840969917 0.701143769891 3.64543739239
-0.532241677917 0.0420523954028 -2.24672613257 0.138617286628 0.199942573889 -2.46698304567
-0.958311827646 -0.984368132891 -4.5043634209 -0.958311827646 -0.984368132891 -4.5043634209
0.999647847923 0.248402718331 -3.691966564 0.999647847923 0.248402718331 -3.691966564
0.0706595952046 0.40821545115 0.0512755883909 -0.0880671052658 0.399617530649 0.0351736255106
-0.199860396666 -0.326920449644 1.76836930145 -0.0685171155312 -0.486807359317 1.81357783665
0.261761500596 0.199560893859 1.2755100544 0.261761500596 0.199560893859 1.2755100544
-0.899060074447 1.14015084409 -5.23903855986 -0.899060074447 1.14015084409 -5.23903855986
1.27475930233 -0.239238769034 0.821693273324 1.27475930233 -0.239238769034 0.821693273324
0.397423911966 1.87766270261 2.1254489221 0.397423911966 1.87766270261 2.1254489221
-0.965248978286 -0.993226452594 -1.86591739965 -0.965248978286 -0.993226452594 -1.86591739965
-0.288638636418 -0.385497281206 1.99052473377 -0.262914591266 -0.358664817384 1.98874686346
0.00665481037717 -0.484944662193 -2.55149292301 0.00665481037717 -0.484944662193 -2.55149292301
-1.53732994224 2.10572203332 3.26925445237 -1.53732994224 2.10572203332 3.26925445237
-0.924890700191 -1.02304858455 3.74549618785 -0.924890700191 -1.02304858455 3.74549618785
-0.0571832887693 -1.24309325066 0.290356768312 -0.338443913507 -1.39735759712 0.388874616347
-0.0103655838712 0.837421422812 2.27186807038 -0.0103655838712 0.837421422812 2.27186807038
-0.370674515451 -0.81279952692 0.104915164281 -0.370674515451 -0.81279952692 0.104915164281
0.297909647459 0.195949473723 3.32976169594 0.297909647459 0.195949473723 3.32976169594
-0.53447472626 0.0136879689497 1.86427131168 -0.288638636418 -0.385497281206 1.99052473377
-0.157718673627 -0.525033846909 0.120754605387 -0.358163614618 -0.262972105469 -0.00192668642836
0.459023932143 -0.273738818885 -1.70036869835 0.268903792442 -0.024817722079 -1.5270390973
0.226582869457 -0.341380614953 -2.83666357131 0.714260435148 -0.546938070461 -2.40892618341
-0.433576214505 -0.603053793444 0.369663114328 -0.520307457915 -0.638773013702 0.314014403205
-0.120378930339 -0.21200185285 0.660290870875 0.221380800951 -0.470649029679 0.791199674468
-0.204430264564 -0.0853473525447 2.10616738744 -0.339882157475 -0.298241880041 1.5202399368
0.621562429146 0.948301275265 -1.27224882592 0.621562429146 0.948301275265 -1.27224882592
-0.189979470252 -0.403364498116 0.762729832744 -0.00338003918681 -0.0683787709804 0.99899442167
0.00720170471339 0.205722050743 0.58284453199 -0.120378930339 -0.21200185285 0.660290870875
-0.174997766102 0.0771201158116 0.0204411880611 0.213172003334 0.35695954859 0.336944555642
1.3273240152 -0.0185493814717 -1.78670130955 1.3273240152 -0.0185493814717 -1.78670130955
0.555011418949 -0.0204697980048 1.83630005405 0.555011418949 -0.0204697980048 1.83630005405
-0.0385676545801 0.388056631809 -0.437320283411 0.195116948617 0.400244851631 -0.424258752327
0.714260435148 -0.546938070461 -2.40892618341 0.354266620838 -0.565807344235 -2.18004301285
0.475413264432 0.178652352222 0.657415189562 0.78046959858 0.265354654267 0.776083161713
1.1846314336 -0.5739151682 -5.78951478529 1.1846314336 -0.5739151682 -5.78951478529
-0.412749457145 -0.142336313484 -1.16546769225 -0.412749457145 -0.142336313484 -1.16546769225
0.802462673944 -0.0652322000416 0.863173004154 0.323942400685 -0.0359093290032 0.732990737893
-0.718825097121 -1.39002983068 -1.05525371774 -0.718825097121 -1.39002983068 -1.05525371774
-0.435693327684 0.321061164995 3.78471683759 -0.435693327684 0.321061164995 3.78471683759
-0.0309200522061 0.0421876070232 -0.651837812435 0.0491216416316 0.120571666706 -1.02155615624
0.138995477084 0.101358107997 -0.0629706285552 -0.0325367030874 0.160670368817 0.437280940525
0.202131927068 -0.558576571554 4.1501312923 0.416541026856 -0.730168886255 3.88567255778
0.90856239482 -0.0952954154632 0.541813110946 0.653523383247 -0.304256030268 1.03261468166
-0.10097962015 -0.965368175435 5.63868730371 -0.10097962015 -0.965368175435 5.63868730371
0.140744073069 -0.757992683627 -2.0460346116 0.0435716429931 -0.314113469056 -2.13605572341
0.331312416667 -0.834524981055 5.60761746489 0.331312416667 -0.834524981055 5.60761746489
-0.573482016627 1.58131863292 -4.6709139973 -0.573482016627 1.58131863292 -4.6709139973
-0.393931073088 0.318101671081 -5.27559807565 -0.393931073088 0.318101671081 -5.27559807565
0.0561261381915 -0.636786698309 0.859035369427 -0.385739241912 -0.614266262844 0.575787484857
-0.310493134171 -0.591580747719 0.800041696462 -0.418303669012 -0.147625102816 0.73889851419
0.629852515655 0.603713704193 0.609832479362 0.863180635107 0.507217215354 0.47065589003
-0.333758504038 0.0555815235941 1.72056678282 -0.333758504038 0.0555815235941 1.72056678282
-0.3129524957 0.796466505781 2.25097663928 -0.227881336415 0.986383222608 1.84699361037
0.0680928272868 -0.159519360014 1.22649931755 -0.428945408889 -0.514776905837 1.23429614813
0.192213719176 -0.439531677646 2.6761064647 0.370914255009 -0.234206465096 2.68643830797
-0.234804602763 0.31120711273 -0.330582128421 -0.392692333476 0.170949777141 -0.406464310272
0.0222759430238 0.00905263920642 -0.136362992627 -0.0124070010267 -0.0213205107208 0.193232422124
-0.374716661178 -1.45177032242 -4.87998328851 -0.374716661178 -1.45177032242 -4.87998328851
-0.41235066887 -0.749918664944 -1.60287346177 -0.41235066887 -0.749918664944 -1.60287346177
-1.38651705407 0.793153449459 -10.2178405308 -1.38651705407 0.793153449459 -10.2178405308
1.16699716528 -1.76758139741 -6.92242816742 1.16699716528 -1.76758139741 -6.92242816742
0.0435716429931 -0.314113469056 -2.13605572341 -0.0496786096384 -0.119054880973 -1.96435899733
-0.0613449785918 -0.576990629781 1.22516017682 0.179235574281 -0.263693188883 1.20032916986
0.316999348679 -0.102447440604 -10.7076126919 0.316999348679 -0.102447440604 -10.7076126919
0.486528155305 0.158179095335 0.141054598853 0.490550528081 -0.0200673126859 0.175801903542
0.454902132955 -0.0247232218901 0.810891541927 0.427360000923 -0.168470581745 0.766347842757
-1.35800505098 -0.179308678015 -1.74748892037 -1.35800505098 -0.179308678015 -1.74748892037
-0.234248044453 0.176315742616 -1.07849847872 -0.0722665823833 0.304365588592 -0.706546319317
1.3018177064 -0.796508473607 1.26187968304 1.3018177064 -0.796508473607 1.26187968304
-0.691331989339 0.547493235069 -3.26147396364 -0.486845710077 0.660074490621 -3.5509298168
-0.0669018276375 -0.355952310121 1.57891528855 -0.0613449785918 -0.576990629781 1.22516017682
0.653523383247 -0.304256030268 1.03261468166 0.454902132955 -0.0247232218901 0.810891541927
-0.145711881138 0.207429900426 0.676442695491 0.0401395182716 0.21243431067 0.593521345134
-0.465235421165 0.292583359289 3.4983835925 -0.465235421165 0.292583359289 3.4983835925
0.621536067019 -0.989937140511 0.892633827513 0.621536067019 -0.989937140511 0.892633827513
-0.0248187207063 0.803785689667 -4.25470702123 -0.0248187207063 0.803785689667 -4.25470702123
0.524242852319 0.252177594966 -1.05381635867 0.614442563319 0.284726890849 -1.17993376176
-0.51482308522 -0.822916300047 0.413721504688 -0.235776024234 -0.724223890969 0.204135328066
-0.332943327833 0.143528731648 -0.499286448041 -0.306211915043 0.162957377936 -0.122871986812
-2.46895213026 -0.221688038783 5.01419002103 -2.46895213026 -0.221688038783 5.01419002103
1.49825308264 -0.95933992286 2.57381001011 1.49825308264 -0.95933992286 2.57381001011
0.388895845352 -0.0551347079602 1.64077356941 0.43538196264 -0.394337569182 2.04903877833
0.700120751935 -0.0610936705209 3.29890261079 0.700120751935 -0.0610936705209 3.29890261079
-2.46957808538 1.54536400927 -1.21743014681 -2.46957808538 1.54536400927 -1.21743014681
-0.021617813599 -0.0710703380928 1.68690795058 0.0594956559076 0.00118910581422 1.49931209613
-0.0848302042655 -0.105543085826 -0.582464107228 0.334832897687 0.000944965604491 -0.739251017597
0.330179589483 -0.0449733905338 -0.874965868482 0.307621676475 -0.0089685812864 -0.565779055278
-0.27478869211 2.12844913668 -0.823782266423 -0.27478869211 2.12844913668 -0.823782266423
-0.35987750993 0.31958131802 -0.177814286478 -0.35987750993 0.31958131802 -0.177814286478
0.69251674222 -0.330255504503 3.56457694987 0.69251674222 -0.330255504503 3.56457694987
0.645716821897 -1.08777299542 -0.464811453176 0.169374888642 -0.964485971761 -0.555382806287
-0.0718976477703 -0.405866253798 -2.2804890417 -0.0718976477703 -0.405866253798 -2.2804890417
1.41965618065 0.223102761056 0.544786750781 1.41965618065 0.223102761056 0.544786750781
0.0825466087845 -0.428176047925 -1.54991343813 0.0825466087845 -0.428176047925 -1.54991343813
-0.58383121127 0.151346050685 -1.64638192995 -0.58383121127 0.151346050685 -1.64638192995
-0.935578314433 -0.926943037459 -9.60647435353 -0.935578314433 -0.926943037459 -9.60647435353
-0.665121890969 -0.469820889608 1.520977162 -0.385518279592 -0.878734193294 1.2640197181
-0.26429179358 0.00591924249597 0.750019785213 -0.189979470252 -0.403364498116 0.762729832744
0.486079154746 -0.577769264378 2.50657181047 0.592225431552 -0.649709893541 2.60886536643
0.157976016621 -1.19920304001 -0.00185735068433 0.157976016621 -1.19920304001 -0.00185735068433
0.744872380188 -1.77751321386 6.03521819967 0.744872380188 -1.77751321386 6.03521819967
0.00754461814417 -0.0428896242506 1.45044994633 -0.516616272672 -0.346951706717 1.46699998002
-0.0571649169274 0.085816007435 0.305673030839 0.00350915108151 -0.000172049878681 0.0637045003418
1.19588682115 -0.428682543436 1.55063698677 1.19588682115 -0.428682543436 1.55063698677
-0.131380053588 -0.200303483322 -4.33916869831 -0.131380053588 -0.200303483322 -4.33916869831
-1.86397854151 0.485799264981 -3.55514053345 -1.86397854151 0.485799264981 -3.55514053345
-0.390112815772 0.0337895742031 0.048352916089 -0.390112815772 0.0337895742031 0.048352916089
-0.111802278642 0.541718448103 -1.24800604502 -0.111802278642 0.541718448103 -1.24800604502
-1.03207511409 0.592329747833 6.47732693012 -1.03207511409 0.592329747833 6.47732693012
0.706947529514 -1.00198334564 0.364031125923 0.744494451824 -1.06743391465 0.401878364541
-0.200696565787 1.33509858826 2.64443309586 -0.200696565787 1.33509858826 2.64443309586
0.0769691092082 -0.418929240288 1.33932957807 -0.021617813599 -0.0710703380928 1.68690795058
0.195116948617 0.400244851631 -0.424258752327 -0.0309200522061 0.0421876070232 -0.651837812435
0.592225431552 -0.649709893541 2.60886536643 0.192213719176 -0.439531677646 2.6761064647
-0.732173315318 -0.0373977647523 2.16099567848 -0.590960037907 -0.402088065045 2.211149142
-0.307751749796 -0.468111684728 -2.16847454882 -0.124981323041 -0.629181297927 -1.82875519251
-0.185898474724 -0.296351494386 -1.30536745638 -0.0644680650627 -0.359725915342 -0.518280600547
2.1477187994 -0.813471442869 -0.246200980976 2.1477187994 -0.813471442869 -0.246200980976
0.551535849266 -0.115431230307 0.477583534181 0.607430115146 -0.541490827412 0.634220255407
0.1327648759 -0.567556207535 0.961234434292 0.200804986545 -0.351458833206 1.26082429075
0.678832959627 0.902225092949 3.31873757859 0.678832959627 0.902225092949 3.31873757859
0.60430822398 -0.0146379712432 0.76147914447 0.60430822398 -0.0146379712432 0.76147914447
-1.52405637544 -2.13192592956 7.22392616272 -1.52405637544 -2.13192592956 7.22392616272
-0.760165951707 1.64041434661 0.32450864678 -0.760165951707 1.64041434661 0.32450864678
-0.00338003918681 -0.0683787709804 0.99899442167 -0.259838917436 0.0909491603711 0.858010383069
-0.231182584407 0.243374066614 -0.233640605143 -0.293322342376 0.104314610318 -0.501222128768
-1.7650511071 0.137326907009 5.75181238121 -1.7650511071 0.137326907009 5.75181238121
0.490550528081 -0.0200673126859 0.175801903542 0.396794647668 -0.0827099526244 0.118522682885
-0.683022546411 -0.698307442309 -4.01008187458 -0.683022546411 -0.698307442309 -4.01008187458
-0.275910540124 -0.273138895259 2.18688877654 -0.32924854672 -0.0796901296344 1.94811102223
1.53044160102 -1.22687957719 -3.35346188626 1.25732433677 -1.15473860236 -3.52879107025
0.603537647182 0.199041294698 -1.66896846122 0.290426752774 0.66071491059 -1.89753888123
0.097400344232 0.0379307148098 0.434431958452 0.0646342072715 -0.122139676838 -0.0165862163653
0.480491469724 1.11836753126 1.18915223852 0.480491469724 1.11836753126 1.18915223852
-0.298044365495 0.177118523599 2.19672434156 -0.437946777527 -0.0559307239012 2.36291511544
1.70538219614 0.321592568524 3.25800275918 1.70538219614 0.321592568524 3.25800275918
0.499111335877 -1.49483849815 6.53074844735 0.499111335877 -1.49483849815 6.53074844735
1.35705087075 0.898660107326 -0.239104790527 1.35705087075 0.898660107326 -0.239104790527
-0.520307457915 -0.638773013702 0.314014403205 -0.425950745637 -0.506207975101 0.230029544592
0.460341694735 -0.0758186114441 1.65852018014 0.0829855120782 0.298381592478 1.17567823811
0.339452941574 -0.482791022242 -3.39459929295 0.339452941574 -0.482791022242 -3.39459929295
0.354108234488 1.07189451275 -2.31205701893 0.354108234488 1.07189451275 -2.31205701893
-1.47241413263 2.11534109232 2.44447360466 -1.47241413263 2.11534109232 2.44447360466
0.458003420064 1.12943034426 1.72195537652 0.458003420064 1.12943034426 1.72195537652
0.600502006516 0.162006945177 0.43183439617 -0.0576160843471 -0.0496318924263 0.321770424792
0.730648773458 -1.30323791477 -5.79177486212 0.730648773458 -1.30323791477 -5.79177486212
-2.2521697949 0.94705810975 3.07862168906 -2.2521697949 0.94705810975 3.07862168906
0.0862200329712 1.5692314625 -1.64519201818 0.0862200329712 1.5692314625 -1.64519201818
0.396794647668 -0.0827099526244 0.118522682885 0.138995477084 0.101358107997 -0.0629706285552
-0.124981323041 -0.629181297927 -1.82875519251 0.140744073069 -0.757992683627 -2.0460346116
0.968517119433 0.222226233627 -0.180749891892 0.968517119433 0.222226233627 -0.180749891892
0.132299763884 0.328178223305 0.0137378724074 -0.231182584407 0.243374066614 -0.233640605143
-1.39277428255 0.368302843519 -0.296505761835 -1.39277428255 0.368302843519 -0.296505761835
-0.590960037907 -0.402088065045 2.211149142 -0.397397185083 -0.383697298041 2.29032270742
-0.665081946836 0.244423965807 -0.0272034125481 -0.645522186791 -0.276373410929 0.325321029275
-1.58376056319 -0.936745213989 3.79165904082 -1.58376056319 -0.936745213989 3.79165904082
0.0785827844719 -0.120098555768 -1.03551596063 0.699761700499 -0.214439116603 -1.27405125222
0.479508072624 -0.110955979757 0.42604314094 0.475413264432 0.178652352222 0.657415189562
0.307621676475 -0.0089685812864 -0.565779055278 -0.120673914352 -0.208239810267 -0.412507730616
-1.27920263058 0.300333408706 2.61705302935 -1.33544496585 0.240979614905 2.71597658048
0.661238989421 -0.49125826623 4.27425120818 0.661238989421 -0.49125826623 4.27425120818
-0.047021275468 -0.0355997898359 -0.0723295292535 0.0222759430238 0.00905263920642 -0.136362992627
0.288376538281 0.221723660042 -0.914402066015 0.0729732944011 0.0855326599954 -0.784153798072
-0.567584165727 -0.812369696735 -0.447728239846 -0.374588410346 -0.708354063648 -0.406458406323
-0.425950745637 -0.506207975101 0.230029544592 -0.462503654078 -0.67385150068 0.0834258872517
-0.0507334273831 0.0596921495535 0.654288126161 0.407552132845 0.235564796601 0.708639247995
0.514988861567 0.0452620039286 -9.61753749926 0.514988861567 0.0452620039286 -9.61753749926
0.127171814352 -0.050571546022 1.06785027292 0.0680928272868 -0.159519360014 1.22649931755
0.0702565473122 -0.2282641581 -0.718549156525 -0.0748087847616 -0.0569463467166 -0.446764510152
0.621471543306 0.170834836109 1.07506924151 0.590672906602 0.299998263143 1.34042930895
-1.31403775697 0.644327233006 4.62566343449 -1.31403775697 0.644327233006 4.62566343449
-0.91945879049 -0.137883827412 -6.11132403954 -0.91945879049 -0.137883827412 -6.11132403954
-0.134870904638 0.0960271620579 2.11934624808 -0.2480615779 -0.357432552737 2.12592687382
0.391355431841 -0.26024681685 0.56793246162 0.0716791596024 -0.41437086912 0.84136585697
0.741814834638 -0.0158225507232 -0.473581059206 0.730772648028 -0.0475944306561 -0.422408796483
0.693621968714 0.313795471342 -3.69671459538 0.693621968714 0.313795471342 -3.69671459538
-0.315476059639 -1.08743509181 -3.20365581649 -0.315476059639 -1.08743509181 -3.20365581649
0.245963526434 -1.01510109992 1.91598031106 0.245963526434 -1.01510109992 1.91598031106
0.0855865076951 0.0257402360723 1.30008605567 0.247172955924 -0.233148915007 0.94496020186
0.483602707736 0.166472334734 -0.780085075439 0.483602707736 0.166472334734 -0.780085075439
0.0286037994124 0.233513022174 -0.99401265318 -0.40628537885 0.489107554393 -1.11944131377
-0.437946777527 -0.0559307239012 2.36291511544 -0.204430264564 -0.0853473525447 2.10616738744
-0.306211915043 0.162957377936 -0.122871986812 -0.376365028402 -0.000230490486297 0.131077058363
0.745852374658 0.121667800533 4.72791015296 0.745852374658 0.121667800533 4.72791015296
0.844013860534 0.178680462236 -1.19331239537 0.844013860534 0.178680462236 -1.19331239537
-0.192602380452 0.214504409371 -0.990579177129 0.0601162808482 0.325166901591 -0.424488972261
0.0821427000899 0.195638369128 1.27259310561 -0.314603725669 0.311401692259 1.68291027517
0.0709946049253 -0.007972624078 0.878526706453 0.0709946049253 -0.007972624078 0.878526706453
0.0369297527852 0.086110418249 1.49211709629 -0.22149251029 0.150819952284 1.35157259594
0.180018189427 1.39138516229 0.907543122579 -0.201737533691 1.03023322496 0.917375392057
0.730772648028 -0.0475944306561 -0.422408796483 0.815195110818 -0.112649947151 -0.452604864797
0.0295625640434 0.232766396779 2.05418971481 -0.134870904638 0.0960271620579 2.11934624808
-1.19185263669 -1.695021046 -9.01904169383 -1.19185263669 -1.695021046 -9.01904169383
-0.206652607698 0.407292550214 0.263697803326 -0.118330009899 0.123389216382 0.418781530528
0.0639311677457 -0.16128433139 -2.41143770854 -0.0446000762949 -0.151553272968 -2.56820140626
-0.231263193432 -0.19364047418 -1.8358154091 0.121671972399 -0.968808776574 -1.80891388571
