0.143723994223 -0.323299013596 0.163792286321 0.069639412376 -0.435512057309 0.298587763878
-0.148585973878 0.809641967934 -1.2864951493 -0.148585973878 0.809641967934 -1.2864951493
0.0441326353768 0.463073185589 -0.2120670642 0.177214240111 0.0905894715501 0.0841704237249
0.351555671583 -0.255775765898 -0.188060839961 0.266637104158 -0.590489571457 -0.171055389666
0.151422053169 0.434114246574 -0.603088395306 0.0493568911356 0.260856830919 -0.394284551556
0.0572670214042 -0.14152436512 0.0908114407892 -0.0809512473065 -0.292811968464 0.517106143661
-0.518328508873 0.0867569924097 1.44066632755 -0.980217159601 -0.0122318209248 0.917985879262
0.241421436743 -0.031667687401 1.09138390582 -0.0534354333664 -0.287425777142 0.721008270261
0.00405914367206 0.153199755649 -0.531838961394 -0.200480593606 0.447278437655 -0.455112121432
-0.216358097304 -0.510085452281 3.08798902665 -0.216358097304 -0.510085452281 3.08798902665
0.193417249326 0.0481636844813 -0.41650093944 0.186494584152 0.233834217392 -0.377388361268
-0.445647619823 -0.378817532335 3.34160977821 -0.140099691338 -0.205484207178 3.48313452188
0.400465753439 -0.384937199115 -1.67792348577 0.400465753439 -0.384937199115 -1.67792348577
0.186016426951 -0.457024155265 -0.270058243909 0.0350945934853 -0.524732084445 -0.00109785603663
-0.407092612891 0.176101162098 0.581260824074 -0.463209632177 0.0124453281422 0.762656912003
-0.569912839584 0.685953779355 -0.586859065914 0.160121530247 0.382282978514 -0.273206245878
-1.11694741544 -1.02106150515 1.83092656171 -1.11694741544 -1.02106150515 1.83092656171
-0.0114605441356 -0.384476482426 -0.757506664807 0.206476641806 -0.262237690157 -0.552722605025
-0.185916997341 0.904964752072 0.0705157108404 -0.214554352527 0.863023423625 0.103268642472
-0.0654438108709 -0.231736630366 0.096936785893 -0.277259930622 -0.339825081771 0.355286258827
0.069639412376 -0.435512057309 0.298587763878 0.125920209074 0.0482727959072 0.151881231242
-0.319954673286 0.20248172293 -3.84737010217 -0.319954673286 0.20248172293 -3.84737010217
-0.0818815714906 0.0422500275799 0.649921307848 0.398643562139 -0.157175733516 0.404652914962
0.186494584152 0.233834217392 -0.377388361268 0.144310179575 0.376719902475 -0.422332011711
-0.209435607949 0.282461124683 1.33281455982 -0.363712024635 0.0653666203061 0.985107731375
-0.463209632177 0.0124453281422 0.762656912003 -0.550071550695 -0.174960924775 0.634985078969
-0.515089212905 0.206186433458 0.730561474104 -0.351764628311 0.0843928487742 0.495927430329
1.48245215115 -0.502937007269 -0.825686560828 1.48245215115 -0.502937007269 -0.825686560828
-0.158675239441 -0.121177002442 -0.274483199736 -0.166527243703 -0.154426453857 0.12124499237
0.00259824812019 -0.136985786207 0.0653467040159 -0.114420046975 0.166081554251 0.380045659136
0.537096097146 -0.0779343260378 -0.0319302660615 0.239539177525 -0.147201692056 0.301812238949
-1.31665569766 -1.48375881444 3.70337492565 -1.31665569766 -1.48375881444 3.70337492565
0.691124323335 1.4937242581 3.37311365398 0.691124323335 1.4937242581 3.37311365398
0.292949241074 0.731472306217 0.156281027473 0.385129804481 0.525899975469 -0.170758533237
0.288923279915 -0.578226356935 0.220577694371 0.270526314037 -0.707980392387 -0.00329710146993
-0.14085186764 -0.838843509068 -0.387944351868 -0.232881085722 -0.55988721617 -0.51566517868
0.779986919107 0.133566731198 0.841576403436 0.483038295171 0.603021690705 0.42066073142
-0.166527243703 -0.154426453857 0.12124499237 0.414600165747 -0.305294113114 0.0720908159607
0.266637104158 -0.590489571457 -0.171055389666 0.0279856510742 -0.456091968107 0.631582792651
0.250369643585 0.106065877543 0.648343169652 0.640171213677 0.248941112858 0.893730134038
-0.0353979096425 1.62355519278 -0.942261542259 -0.0353979096425 1.62355519278 -0.942261542259
-0.464945600185 0.323963657961 0.393783249238 -0.845349578458 0.515852613301 -0.359079083369
-0.258080162354 -0.422834658496 0.0686665540483 0.191153890171 -0.444954891737 -0.380842100139
0.159417810572 0.206866700116 -0.369866615524 0.156576047088 -0.0288326681565 -0.385609680155
0.0878930648061 -0.215936261634 -0.303297025311 0.126546998733 -0.379051599011 -0.206885660054
0.242584948834 -0.245569304787 0.469758244694 0.0230469469026 0.281365542837 0.179515683502
0.16849255119 -0.683958279723 0.265145701089 0.144733573448 -0.286910045403 0.56791338953
0.061692152085 0.212869038465 2.61424901329 0.260908161271 0.223574727256 2.55196297724
0.278328193335 0.422490460306 -0.214276376684 0.140107681697 0.191477302169 -0.489717210534
-0.703139577564 0.200419378594 -0.392814514442 -0.852319036651 0.377440965078 0.0385180854004
0.413661985582 0.247116013128 -0.181113530806 -0.00354582723744 0.125766902351 0.0579693069546
-0.192938442296 -0.254487312301 -3.11361042739 -0.192938442296 -0.254487312301 -3.11361042739
0.131768663469 0.663716988327 0.379257317293 0.556111405588 0.915302201713 0.0400611925757
-0.727606361938 0.0482226690449 -0.636161067667 -0.727606361938 0.0482226690449 -0.636161067667
-0.0866364142805 -0.0529668070821 0.657752535257 0.00974599296626 0.290365802875 0.622726062726
-0.277259930622 -0.339825081771 0.355286258827 -0.146338025164 -0.245073020541 -0.0355891536191
0.0665812136271 0.656723772665 -0.530098638154 -0.107172362104 0.0502011210781 -0.318422559272
0.00365565476979 -0.0955907965275 -0.0249690500316 0.252916142853 -0.0625956794147 0.751491886122
-0.365852208708 -0.372003118931 -0.294412854044 0.0773875134607 -0.238132787139 -0.312008480607
-0.334461020617 -0.314752451122 -0.288942801746 -0.395352471154 -0.0330073811949 -0.151495826091
-0.103413567334 0.0290705591283 0.514368745434 0.0160042601132 0.585560311974 0.724820855292
-0.157172659822 -0.336707493539 0.592157621497 0.293008080261 -0.500348176765 0.615109184879
-0.826615028746 -0.653503078195 1.71079792131 -0.782031052003 -1.25558604591 2.27525852391
-0.18698305314 -0.137103160097 0.561742976036 -0.106458104418 -0.0469373954564 0.69365801291
-0.297270141997 0.00129821180377 0.214222370208 -0.160812574877 -0.376488022508 -0.0109525013851
0.0962812070038 -0.483065797759 -0.0443022916189 0.0962812070038 -0.483065797759 -0.0443022916189
-0.279562475568 -0.331301442797 -0.858301068429 -0.871360408883 -0.109874820564 -0.574209070306
0.220522571029 -0.150449283113 0.489238374607 0.389844160512 -0.332996376224 0.203429821573
1.25471026902 0.795520818799 0.181923538439 1.25471026902 0.795520818799 0.181923538439
-0.0713453934469 -0.0139403785018 2.11451713149 -0.0713453934469 -0.0139403785018 2.11451713149
0.460710828162 -0.403909447886 0.271822037632 0.369790869611 -0.149396563231 -0.250534880809
-0.610599880869 0.128150913138 -0.41927798637 -0.703139577564 0.200419378594 -0.392814514442
-0.0991593042659 -0.419717323939 0.57718781109 0.158493601616 -0.701276643986 0.408060188208
-0.398317914817 -0.0327887908979 1.26952296681 -0.161155901665 -0.481636092684 1.16618054357
-0.200480593606 0.447278437655 -0.455112121432 0.0972686540758 0.326400121698 -0.639268586688
0.657382247508 -0.141488611812 -0.419592898669 0.491205919631 -0.532376684628 -0.0855004703585
0.0818108440227 0.122264441932 0.650952892647 0.126332282316 -0.182042870343 0.294557315737
-0.071547366903 0.450312817433 0.432752228087 -0.0317204088439 0.626037715569 0.551854787884
-1.21228872858 0.789090382948 -2.2056989695 -1.21228872858 0.789090382948 -2.2056989695
-0.839389825303 -0.40132003226 -0.390012309726 -0.923640469565 0.149217923002 0.0446145318362
0.172277563271 0.553340050507 -2.86957592399 0.273834430075 0.384545038867 -2.91047124478
-0.306287855173 -0.249372080715 0.460684084129 -0.4266584296 -0.233302860466 0.793516997898
0.446396966275 -0.0934620771805 0.89995888525 0.537233681612 -0.26592137568 1.06516161795
0.398643562139 -0.157175733516 0.404652914962 0.12303391624 0.108062363173 -0.00997118404201
0.613220031346 -0.69215323515 -2.83671244779 0.613220031346 -0.69215323515 -2.83671244779
0.073081031494 -0.221948709452 0.759385257216 0.779986919107 0.133566731198 0.841576403436
0.642068228684 0.263442150544 0.420037931914 0.642068228684 0.263442150544 0.420037931914
0.717485431775 -0.156859446745 -4.31761564142 0.717485431775 -0.156859446745 -4.31761564142
0.184116865851 0.168781171327 0.0880339248683 0.0237826140514 0.183975414005 -0.169100661912
-0.571811298334 0.275390346304 0.0192086046203 0.0513228310347 0.333813975225 0.255392260337
-0.707745335836 -0.691899995803 -0.247215830789 -0.707745335836 -0.691899995803 -0.247215830789
-0.439092013817 -0.653939997856 -0.261731851755 -0.408503073102 -0.823451812622 -0.133335932824
0.190122443801 0.520745126674 -1.39483941883 0.190122443801 0.520745126674 -1.39483941883
0.640171213677 0.248941112858 0.893730134038 0.405644399782 0.237243413483 0.506614421859
-0.114167670576 -0.128582106831 0.218672129602 0.377152256849 -0.107927333518 0.391164331557
-0.448061237046 -0.0771916750655 1.24959555939 0.0336306429393 -0.383555126829 1.30716308151
-0.430596647447 -0.511626006544 -0.875822860799 -0.279562475568 -0.331301442797 -0.858301068429
-1.23487389022 -0.000557038176301 1.01229130772 -0.96302839234 0.461994488714 1.16181083959
0.0269769113485 0.616331954036 0.228068577718 -0.168292873312 0.180498220299 0.427487916617
-0.0294342445967 0.343290032522 -0.0568314172911 -0.185916997341 0.904964752072 0.0705157108404
-0.566702663607 0.298598828079 0.985371490729 -0.168339004558 0.19991852957 0.83007538638
-0.192150472335 0.557044686082 -0.0485530255124 -0.569912839584 0.685953779355 -0.586859065914
-1.79710091833 -0.586629910041 1.194302136 -1.79710091833 -0.586629910041 1.194302136
-0.616848641501 -1.01549445625 -1.21551382265 -0.616848641501 -1.01549445625 -1.21551382265
-0.140828030145 -0.267534987673 -0.193908621932 -0.382047703261 -0.471603760268 -0.583252632601
-0.315265247126 0.324199652447 -0.0359364870522 0.03289754867 -0.015070152514 0.00338336905616
-0.0377232520004 -0.122598109485 1.48725517944 0.197502335671 -0.104873128537 1.79818062407
-0.0592236456736 -0.49060318876 -1.2698136797 0.0386705333392 -0.471831965858 -1.36027898752
-0.281296430377 -0.77146520119 1.12030755531 -0.281296430377 -0.77146520119 1.12030755531
-0.421395061274 -0.432379191916 0.0826382443398 0.158276198958 -0.532828282214 0.0347887021716
0.169822085388 -0.0697216827848 -1.53866141471 0.347444734284 -0.299271234418 -1.34086064091
-1.27405771725 -0.294092791561 -3.36204764191 -1.27405771725 -0.294092791561 -3.36204764191
1.23015892331 -0.582990116294 6.31318738708 1.23015892331 -0.582990116294 6.31318738708
-0.316906625435 0.138388112484 0.470854018854 -0.215008398518 0.280297867846 0.289431819144
-0.215008398518 0.280297867846 0.289431819144 -0.0596794197857 0.213153943287 0.440459839469
-0.0028478239252 -0.483024122283 1.91381802451 0.0534436103084 0.00134066508084 1.45723347496
0.219917806366 -0.3372711344 -0.127903902996 -0.140828030145 -0.267534987673 -0.193908621932
0.126163998304 -0.545534233134 1.24217364075 0.0627588039438 -0.197564642093 1.54237492043
0.213535654366 0.263082492187 -0.0376260462683 -0.208450696095 0.357703575108 0.184650662458
0.0230469469026 0.281365542837 0.179515683502 -0.0345455928557 0.145359367015 0.00966900184278
-0.0107129505772 0.587824491875 -0.328543981371 0.381768769488 0.534517033563 -0.0720329207268
0.469810922279 0.233934074067 0.0219929490025 0.112210081061 0.202524300574 0.100244194594
-0.142874534429 0.332494063505 -0.285013071745 0.138774955047 0.492946390315 -0.440128979149
-0.317692847668 0.451884751913 0.742552300349 -0.552003230302 0.172228129691 0.943025160011
0.0160042601132 0.585560311974 0.724820855292 -0.213988350458 0.299179452617 0.752658182772
-0.0246391619985 0.151992924308 0.632339432195 -0.0246391619985 0.151992924308 0.632339432195
-0.00899909986833 0.408627194387 -0.20184548028 0.363063327573 0.57416856421 0.0941555124988
-0.046332001728 0.254395392309 -0.163216118609 -0.15544405886 0.0491607200788 -0.415618961759
-0.0250956545074 -0.373517465455 -0.328437226205 -0.207296891143 0.275524755382 -0.00858552482397
-0.0679411878394 0.129020460649 -0.494882233383 -0.182423933786 -0.177036805329 -1.00956074327
-0.247658929956 -0.240580440213 2.14095279926 -0.171736699558 -0.216996563758 2.08619303116
0.467451676402 -0.352375397573 0.970932779951 0.695359215469 -0.260212237311 1.41668865654
0.129310949974 0.483590595957 -0.464688201746 0.672932591384 0.163240112048 -0.262455995332
-0.0328231771389 -0.195680918441 0.412434091397 0.0878930648061 -0.215936261634 -0.303297025311
0.390116118422 -0.971850428193 2.38509117395 0.390116118422 -0.971850428193 2.38509117395
0.112210081061 0.202524300574 0.100244194594 0.16111701447 0.231842583176 0.490579403876
0.238490222254 -0.386986034168 -1.62689142637 0.434188380802 -0.382950756652 -1.11309654671
-0.537773010905 -0.0255833288989 0.930932815168 0.241421436743 -0.031667687401 1.09138390582
0.0988025455929 -0.156565192551 0.571249963666 -0.148110716544 -0.0636981979691 1.56139076823
0.0713288598766 -1.00224126761 0.613077598686 0.384587090371 -0.824473577997 0.872323339837
0.0613152649211 -0.702458695203 -0.336096606991 0.437216731929 -0.717533084813 -0.271366611917
-0.207296891143 0.275524755382 -0.00858552482397 -0.571811298334 0.275390346304 0.0192086046203
0.597326764582 -0.172378317751 -0.399775609988 0.351555671583 -0.255775765898 -0.188060839961
0.48732936734 0.316504284356 -0.407261220624 0.314120239884 0.44565557619 -0.58828545816
0.314120239884 0.44565557619 -0.58828545816 0.761169320442 0.34514842977 -0.366584034254
0.365533201004 -0.73173951635 0.889016430538 0.365533201004 -0.73173951635 0.889016430538
-0.0731798306271 -0.288324601608 0.684671959001 0.0988025455929 -0.156565192551 0.571249963666
-0.605637083688 -0.202661102055 1.15192514173 -0.437661955863 0.0436812192557 1.22262480096
0.336058821963 -0.294934706898 1.20948986112 0.714459748527 0.157685234815 1.02817118039
-0.63457789491 -0.376308578559 0.781147963814 -0.253787852122 -0.245188013108 0.926575317089
-0.200954219045 -0.358154302917 -3.67362148786 -0.200954219045 -0.358154302917 -3.67362148786
-0.171736699558 -0.216996563758 2.08619303116 -0.247658929956 -0.240580440213 2.14095279926
-0.292358211731 -0.818315260003 -4.08061995501 -0.292358211731 -0.818315260003 -4.08061995501
0.266505491756 -0.857107034362 0.481891506325 0.220522571029 -0.150449283113 0.489238374607
0.201200658882 0.389266390901 -1.35377292969 -0.311061553431 0.595278882761 -1.60957251312
-0.96302839234 0.461994488714 1.16181083959 -0.702195323601 0.454919749727 0.621338895758
0.147965015765 0.736722659125 -2.65007388528 0.147965015765 0.736722659125 -2.65007388528
0.151621751007 0.26780908864 -0.750669838614 0.657382247508 -0.141488611812 -0.419592898669
0.385129804481 0.525899975469 -0.170758533237 0.0891620890377 0.439679781939 -0.302451469459
0.472090411195 -1.09232840884 -2.25578823432 0.472090411195 -1.09232840884 -2.25578823432
-0.522032325454 0.0851410761633 1.21477154119 -0.209435607949 0.282461124683 1.33281455982
0.257918307684 -0.218504241413 -0.341123254498 0.458323907453 -0.468558484019 -0.0329203836037
0.478843203069 0.950967864797 2.46184690135 0.478843203069 0.950967864797 2.46184690135
-0.35012163926 -0.650484410853 0.790714430335 0.126163998304 -0.545534233134 1.24217364075
-0.980217159601 -0.0122318209248 0.917985879262 -1.13863306267 -0.062484467954 0.886151451543
0.0237826140514 0.183975414005 -0.169100661912 0.129310949974 0.483590595957 -0.464688201746
0.198093093668 0.268654029981 -6.26206836108 0.198093093668 0.268654029981 -6.26206836108
-0.709083795457 0.247871906185 1.62812649499 -0.62823301471 0.309503378209 1.37620531524
0.514769650846 -0.251709302592 -0.271709204746 0.537096097146 -0.0779343260378 -0.0319302660615
0.0660244774339 -0.754185688445 0.856554401726 -0.318521116801 -0.459561591796 0.300482024389
0.363063327573 0.57416856421 0.0941555124988 0.233561083147 0.667759545779 0.586951027702
-0.470224549469 0.171378625938 -0.378870710423 -0.173413286827 -0.360952398192 -0.55776499118
-0.694036137309 0.251516043791 -0.242074804675 -0.327994131078 -0.131908936154 -0.1634761925
-0.31496482498 0.0832409059729 0.386112256592 0.0572670214042 -0.14152436512 0.0908114407892
-0.237348765771 1.18154232312 1.43649193882 -0.237348765771 1.18154232312 1.43649193882
-0.0295801203818 -0.0419527498263 0.70816833025 0.439700025903 -0.297819081889 0.33368403008
0.144310179575 0.376719902475 -0.422332011711 -0.142874534429 0.332494063505 -0.285013071745
-0.129044787421 -0.326913972057 0.549152165166 -0.181466956689 0.155509306385 1.056370435
1.17619258159 0.206784143745 -3.08520441869 1.17619258159 0.206784143745 -3.08520441869
0.158276198958 -0.532828282214 0.0347887021716 0.00365565476979 -0.0955907965275 -0.0249690500316
-0.0317204088439 0.626037715569 0.551854787884 -0.584019591723 0.580699532752 0.801976827698
-0.552116592177 -0.0326298710239 -0.0986079913849 -0.463985807245 -0.113507102236 -0.0707470108361
0.252916142853 -0.0625956794147 0.751491886122 0.073081031494 -0.221948709452 0.759385257216
-0.405109788409 -0.764813139937 -0.541296374937 -0.0114605441356 -0.384476482426 -0.757506664807
-0.550071550695 -0.174960924775 0.634985078969 -0.572819870227 -0.0811294554494 0.768098111084
-0.116208859363 0.308360669521 0.676635064496 0.13876630031 0.374909589336 0.66938826476
0.156576047088 -0.0288326681565 -0.385609680155 0.513710496846 0.234798687824 -0.0283042317659
0.939339638506 -0.441058552192 -3.78306203334 0.939339638506 -0.441058552192 -3.78306203334
0.603740069937 0.0318856327868 0.098582809133 0.0692979066212 -0.257447488948 0.371080958738
0.0318053090617 0.223029619612 -0.00693690645669 0.186016426951 -0.457024155265 -0.270058243909
0.172153328011 0.190489035878 0.342147033595 0.312818862615 0.321496013406 0.424976781968
0.0605503954453 0.58129511317 -0.3948779863 0.151422053169 0.434114246574 -0.603088395306
0.273834430075 0.384545038867 -2.91047124478 0.172277563271 0.553340050507 -2.86957592399
0.556111405588 0.915302201713 0.0400611925757 0.0269769113485 0.616331954036 0.228068577718
0.483038295171 0.603021690705 0.42066073142 -0.071547366903 0.450312817433 0.432752228087
-0.568075196884 0.13885801481 0.331637110074 -0.327277762425 0.243218688263 0.314595762371
-0.341254744368 -0.173455128353 0.928403322904 -0.448061237046 -0.0771916750655 1.24959555939
0.460505211643 0.589870138556 -0.0874775381566 0.292949241074 0.731472306217 0.156281027473
-0.521123423588 -0.840373352017 0.177389424174 -0.521123423588 -0.840373352017 0.177389424174
-0.550470243566 0.872447428429 -1.23690508226 -0.550470243566 0.872447428429 -1.23690508226
0.672932591384 0.163240112048 -0.262455995332 0.6899386159 0.295279912983 -0.12068185819
0.0627588039438 -0.197564642093 1.54237492043 -0.605637083688 -0.202661102055 1.15192514173
0.377152256849 -0.107927333518 0.391164331557 0.37456589515 -0.162404768452 0.650349364277
0.369790869611 -0.149396563231 -0.250534880809 0.772979301393 -0.241251102977 -0.453887505622
-1.57202672568 0.436879546731 5.67075766785 -1.57202672568 0.436879546731 5.67075766785
-0.364516045929 -0.163570245285 0.481886828341 -0.45957799732 -0.442225155825 0.42638717571
0.239539177525 -0.147201692056 0.301812238949 0.00259824812019 -0.136985786207 0.0653467040159
0.138774955047 0.492946390315 -0.440128979149 0.213535654366 0.263082492187 -0.0376260462683
-0.253787852122 -0.245188013108 0.926575317089 -0.00741380860745 -0.0582316972689 0.964426395719
-0.652128980202 0.182420510933 0.407009658872 -0.349462718043 -0.0629388111844 0.302285722727
0.276940783517 -0.227767947451 0.389192385574 -0.31496482498 0.0832409059729 0.386112256592
-0.375068032933 0.0969492598021 1.07708915675 -0.484187387503 -0.140641748751 1.09370750176
0.0673684971557 0.0213834374077 -0.101702682937 -0.185930786246 -0.0358019468202 -0.0772174560484
-0.726371136653 -0.00335097784836 4.18777167527 -0.726371136653 -0.00335097784836 4.18777167527
0.6899386159 0.295279912983 -0.12068185819 0.00917166733428 0.587162143238 -0.104208545811
0.087503953568 0.266584600329 -1.32190646679 -0.0153316530117 0.174600651881 -1.10631243443
-0.182423933786 -0.177036805329 -1.00956074327 -0.54243468473 -0.491094132601 -0.418018554184
0.496313983816 -0.171270458478 -0.13492812221 0.278848018077 0.0812416803377 0.280863614802
0.513704386768 -1.14680672589 0.376746579225 0.513704386768 -1.14680672589 0.376746579225
-0.211924128786 0.36997945208 -0.111238154196 -0.944154368178 0.619009216067 0.525878070514
-0.625842812172 0.0395004025843 0.613950975208 0.00735646893428 -0.179515041172 0.974078968718
-0.461416719417 0.49482653875 -0.550712817912 -0.610599880869 0.128150913138 -0.41927798637
0.375644838267 -0.101226169627 0.783861353129 0.270755910203 0.0385463139829 0.315530022658
-0.914299396189 0.0144071246775 0.810407118575 -0.566702663607 0.298598828079 0.985371490729
-0.226478074798 0.0665736119711 0.776313140092 -0.625842812172 0.0395004025843 0.613950975208
0.125920209074 0.0482727959072 0.151881231242 0.660285680525 -0.0256765541419 0.144162045096
0.414600165747 -0.305294113114 0.0720908159607 0.451003037411 -0.0930148940708 -0.0342348191955
0.144733573448 -0.286910045403 0.56791338953 -0.537773010905 -0.0255833288989 0.930932815168
0.191153890171 -0.444954891737 -0.380842100139 0.153436200099 -0.410822603743 -0.741114682475
1.22947523981 -0.543532322085 -2.4261402191 1.22947523981 -0.543532322085 -2.4261402191
0.567052627653 -0.166007410674 -2.30851700335 0.567052627653 -0.166007410674 -2.30851700335
0.211697959991 -0.373353849186 0.210367061654 0.242584948834 -0.245569304787 0.469758244694
0.0759464688368 0.755325592417 0.320030567385 0.469810922279 0.233934074067 0.0219929490025
0.0525979593408 0.816264390309 -0.0154430981611 -0.192150472335 0.557044686082 -0.0485530255124
-0.11754750971 0.321762439936 -0.627622750537 0.377994785215 0.0425548208961 -0.228110396177
-0.944154368178 0.619009216067 0.525878070514 -0.383634529811 0.196067430085 0.517514891329
-0.101052709104 -0.122366155264 -0.142541559974 -0.233624875006 0.0951113236544 -0.387831490449
1.47807643488 0.127597334858 -2.33120812615 1.47807643488 0.127597334858 -2.33120812615
-0.327994131078 -0.131908936154 -0.1634761925 -0.552116592177 -0.0326298710239 -0.0986079913849
-0.54243468473 -0.491094132601 -0.418018554184 -0.14085186764 -0.838843509068 -0.387944351868
0.197502335671 -0.104873128537 1.79818062407 -0.194061871113 0.0690428695397 1.48784019521
-0.00946843530836 0.238873825349 0.737482621987 -0.515089212905 0.206186433458 0.730561474104
0.280690505259 -0.275651337493 0.163767419469 -0.0670970397888 -0.690321809638 -0.314400637308
-0.251260567157 0.638975519879 -2.97798498676 -0.251260567157 0.638975519879 -2.97798498676
0.126332282316 -0.182042870343 0.294557315737 -0.119931054283 -0.565295993129 0.59201767971
0.0352574198382 -0.246032686155 -0.357110961963 0.159417810572 0.206866700116 -0.369866615524
0.140107681697 0.191477302169 -0.489717210534 0.160511862803 0.38422526982 -0.256643619804
0.00974599296626 0.290365802875 0.622726062726 -0.260988041802 0.281898366304 0.499207519839
-0.551497073851 0.442274824546 0.251823703245 -0.551497073851 0.442274824546 0.251823703245
-0.351764628311 0.0843928487742 0.495927430329 -0.262768161132 0.384126076383 -0.0129832425886
0.158493601616 -0.701276643986 0.408060188208 0.189474772795 -0.683175490374 0.48117451017
0.770008538976 0.647288441972 2.71133980493 0.770008538976 0.647288441972 2.71133980493
-0.0442182242692 -0.310357453694 -0.392819225238 0.0352574198382 -0.246032686155 -0.357110961963
-0.499356919225 0.109936023837 0.0623599639747 -0.00899909986833 0.408627194387 -0.20184548028
0.0493568911356 0.260856830919 -0.394284551556 -0.158675239441 -0.121177002442 -0.274483199736
-0.316993651808 -0.173272674458 0.156966373401 -0.297270141997 0.00129821180377 0.214222370208
-0.662604762457 -0.35314532453 -4.54757534625 -0.662604762457 -0.35314532453 -4.54757534625
0.803524732029 0.210116451059 -0.115462469292 0.847796588295 0.431051912068 0.0731104340691
-0.203999578968 -0.923403145708 2.97320624113 -0.203999578968 -0.923403145708 2.97320624113
-0.775453799905 -0.660490053198 -0.134652312827 -0.775453799905 -0.660490053198 -0.134652312827
1.51612460091 0.036870571991 3.88779552332 1.51612460091 0.036870571991 3.88779552332
0.110468846774 -0.509271200338 -0.12955797295 0.172153328011 0.190489035878 0.342147033595
-0.572819870227 -0.0811294554494 0.768098111084 -0.300339057406 -0.540572093164 0.443009394606
0.189474772795 -0.683175490374 0.48117451017 -0.178179592519 -0.71446654264 0.359525574244
-0.0772727992924 0.0303363365747 0.104215296459 -0.435458367023 0.0525648997526 -0.0935567777067
0.126546998733 -0.379051599011 -0.206885660054 0.211697959991 -0.373353849186 0.210367061654
-0.463985807245 -0.113507102236 -0.0707470108361 -0.548452323025 -0.391202599378 -0.694658244817
-0.346309061033 0.283059166875 0.825067939524 -0.0123523138063 -0.133071293078 0.47509590862
0.484738459525 -0.434940914325 0.262318439227 0.266505491756 -0.857107034362 0.481891506325
0.873308632413 0.392451672022 0.355418730748 0.179984771534 0.390161512739 0.184619668665
0.551299173417 1.03954943246 -0.0630734430173 0.551299173417 1.03954943246 -0.0630734430173
-0.181466956689 0.155509306385 1.056370435 -0.157172659822 -0.336707493539 0.592157621497
0.160121530247 0.382282978514 -0.273206245878 -0.0294342445967 0.343290032522 -0.0568314172911
-0.231372907524 -0.618964153396 0.187324488582 -0.0328231771389 -0.195680918441 0.412434091397
-0.49550207844 -0.0382413755545 0.0486448844394 -0.124782237807 0.185270560775 0.308359400495
-0.0809512473065 -0.292811968464 0.517106143661 -0.205914610625 -0.110997860461 0.647961900545
-0.239395658119 0.0708796803727 0.134063824609 -0.499356919225 0.109936023837 0.0623599639747
0.0513228310347 0.333813975225 0.255392260337 0.0787606459477 -0.0309751985737 0.29678031999
0.709670777536 -0.648995825378 0.316764178864 0.551467581229 -0.59990267147 0.603268384391
-0.227826283215 0.289206130998 0.298206138452 -0.35012163926 -0.650484410853 0.790714430335
-0.236869448465 0.644682617714 1.59033332562 0.0493068708444 0.663768844178 1.3902565516
0.608500606592 -0.422229454349 -0.0668025948924 0.413661985582 0.247116013128 -0.181113530806
0.194959558955 0.970865468216 0.646354554655 0.131768663469 0.663716988327 0.379257317293
0.958146381194 0.925452431958 1.08394624174 0.958146381194 0.925452431958 1.08394624174
0.312818862615 0.321496013406 0.424976781968 0.0943344957809 0.688815619226 0.486350806142
-0.0345455928557 0.145359367015 0.00966900184278 0.193417249326 0.0481636844813 -0.41650093944
0.0130187651949 -0.311445356528 0.282132400875 0.671095057166 -0.562139223524 0.550879456315
0.695359215469 -0.260212237311 1.41668865654 0.798741655007 -0.564620039324 1.2246035957
-0.552003230302 0.172228129691 0.943025160011 0.0765230086023 -0.130233934974 0.870653486734
0.42699702391 0.163599941801 -8.08835261218 0.42699702391 0.163599941801 -8.08835261218
0.0918994824599 -0.747054369967 0.0228070141615 -0.164080639888 -0.359050667116 0.311574147336
-0.0433644048164 -0.231175525834 0.190031681318 -0.239395658119 0.0708796803727 0.134063824609
-0.871360408883 -0.109874820564 -0.574209070306 -0.839389825303 -0.40132003226 -0.390012309726
-0.472575121279 0.444483724316 0.511793347698 -0.364516045929 -0.163570245285 0.481886828341
0.336730423952 0.621270510229 0.380303311302 0.305206575794 0.420284421969 0.213050285067
0.179984771534 0.390161512739 0.184619668665 -0.211924128786 0.36997945208 -0.111238154196
0.272622596336 -0.278129277865 0.542592841676 0.272622596336 -0.278129277865 0.542592841676
0.0336306429393 -0.383555126829 1.30716308151 0.248821054772 -0.173627576884 1.35800338008
-0.214535863174 -0.701876674367 1.80906945336 -0.0028478239252 -0.483024122283 1.91381802451
-0.146717761867 -0.0652055812118 0.403706448789 -0.0991593042659 -0.419717323939 0.57718781109
1.66152943321 -0.452168192965 -1.96037206601 1.66152943321 -0.452168192965 -1.96037206601
-0.437938754437 0.13478405383 -0.445441992176 -0.0772727992924 0.0303363365747 0.104215296459
-0.0452974009643 0.139951546795 -0.0741603678685 0.00405914367206 0.153199755649 -0.531838961394
-0.012678363741 -0.118880693783 0.64999222921 -0.0818815714906 0.0422500275799 0.649921307848
-0.668562601357 0.760377518866 -0.533493110066 -0.668562601357 0.760377518866 -0.533493110066
-0.25132290562 0.27969655243 0.956245792946 -0.149573220206 0.021610875502 1.50713035585
0.160511862803 0.38422526982 -0.256643619804 -0.046332001728 0.254395392309 -0.163216118609
-1.12693130558 -0.176586763212 -2.75136993673 -1.12693130558 -0.176586763212 -2.75136993673
0.03289754867 -0.015070152514 0.00338336905616 0.130444815427 -0.130629125567 -0.0234228754622
-0.232881085722 -0.55988721617 -0.51566517868 -0.0442182242692 -0.310357453694 -0.392819225238
-0.262702624337 0.0459723333526 0.390842805819 -0.0295801203818 -0.0419527498263 0.70816833025
0.0657307906813 -0.278631104845 1.66102680566 0.0657307906813 -0.278631104845 1.66102680566
-0.0297668143779 -0.0826523192226 0.00458653585408 -0.384719013027 -0.0861766098509 0.206703377464
-0.449682177942 1.31510503339 3.7007174634 -0.449682177942 1.31510503339 3.7007174634
0.0605493842595 -0.20023019054 0.157123308544 0.184116865851 0.168781171327 0.0880339248683
0.0534436103084 0.00134066508084 1.45723347496 -0.0377232520004 -0.122598109485 1.48725517944
0.17642623434 -0.308230742001 -0.169888772612 -0.391224819938 -0.359773808545 -0.167255322531
-0.0534354333664 -0.287425777142 0.721008270261 -0.012678363741 -0.118880693783 0.64999222921
0.458323907453 -0.468558484019 -0.0329203836037 0.747615144201 -0.668106164688 -0.384318385656
-0.107172362104 0.0502011210781 -0.318422559272 -0.437938754437 0.13478405383 -0.445441992176
-0.45957799732 -0.442225155825 0.42638717571 -0.227826283215 0.289206130998 0.298206138452
-0.160812574877 -0.376488022508 -0.0109525013851 0.0022272831136 -0.19968234648 -0.00806992030833
-0.384719013027 -0.0861766098509 0.206703377464 -0.341254744368 -0.173455128353 0.928403322904
0.0767906172306 -0.402082819043 0.439185841143 0.344287015176 -0.666081597272 0.73173454825
0.451003037411 -0.0930148940708 -0.0342348191955 0.157238078536 0.0440764712161 -0.403421139112
-0.432827072739 0.37159844636 4.3078507026 -0.432827072739 0.37159844636 4.3078507026
1.16746474803 -1.13056628632 -0.563564969435 1.16746474803 -1.13056628632 -0.563564969435
0.537233681612 -0.26592137568 1.06516161795 0.241100140565 -0.0899666278383 0.804654499994
-0.262768161132 0.384126076383 -0.0129832425886 -0.0858093371307 0.0299383983767 0.0424973460464
0.0279856510742 -0.456091968107 0.631582792651 -0.306287855173 -0.249372080715 0.460684084129
-0.213988350458 0.299179452617 0.752658182772 -0.0254347625387 0.0277397145549 0.56401978581
0.406383746017 -0.28765752576 11.4644469368 0.406383746017 -0.28765752576 11.4644469368
-0.0464896129074 -0.18559863563 0.29613859402 -0.0464896129074 -0.18559863563 0.29613859402
0.551467581229 -0.59990267147 0.603268384391 0.276940783517 -0.227767947451 0.389192385574
-0.300339057406 -0.540572093164 0.443009394606 -0.0731798306271 -0.288324601608 0.684671959001
-0.205914610625 -0.110997860461 0.647961900545 -0.569404359997 0.274960490332 0.344082873999
1.1853147741 -0.122732131574 -4.6799117856 1.1853147741 -0.122732131574 -4.6799117856
0.00917166733428 0.587162143238 -0.104208545811 0.0441326353768 0.463073185589 -0.2120670642
-0.303370985985 -0.747303470802 0.880040258547 0.0660244774339 -0.754185688445 0.856554401726
-0.468271370348 0.144640376279 0.0426380337692 -0.568075196884 0.13885801481 0.331637110074
1.56949413029 0.213710913176 -1.02559451756 1.56949413029 0.213710913176 -1.02559451756
-0.161155901665 -0.481636092684 1.16618054357 -0.303370985985 -0.747303470802 0.880040258547
0.00735646893428 -0.179515041172 0.974078968718 0.375644838267 -0.101226169627 0.783861353129
-0.702195323601 0.454919749727 0.621338895758 -0.346309061033 0.283059166875 0.825067939524
-0.576190998464 0.295838355912 -0.664211875429 -0.461416719417 0.49482653875 -0.550712817912
-0.739996528174 -0.430795841025 2.91528834126 -0.739996528174 -0.430795841025 2.91528834126
0.0943344957809 0.688815619226 0.486350806142 0.336730423952 0.621270510229 0.380303311302
0.0787606459477 -0.0309751985737 0.29678031999 0.174683903307 -0.211986484667 0.316932883064
-0.0428448373082 -0.347802777211 -1.59429376798 -0.0592236456736 -0.49060318876 -1.2698136797
0.671095057166 -0.562139223524 0.550879456315 0.608500606592 -0.422229454349 -0.0668025948924
0.714459748527 0.157685234815 1.02817118039 0.440039740513 0.246997341378 0.844707001024
0.113931503271 0.4392436009 -0.414364158053 0.113931503271 0.4392436009 -0.414364158053
-0.395352471154 -0.0330073811949 -0.151495826091 -0.0866364142805 -0.0529668070821 0.657752535257
-0.140099691338 -0.205484207178 3.48313452188 -0.445647619823 -0.378817532335 3.34160977821
-0.0254347625387 0.0277397145549 0.56401978581 0.245169824785 -0.234209814176 0.965965864709
0.439700025903 -0.297819081889 0.33368403008 0.460710828162 -0.403909447886 0.271822037632
-0.782031052003 -1.25558604591 2.27525852391 -0.696834102232 -0.763280345044 1.89327370917
0.434188380802 -0.382950756652 -1.11309654671 0.169822085388 -0.0697216827848 -1.53866141471
-0.00315419078573 -0.103128594229 5.09858308083 -0.00315419078573 -0.103128594229 5.09858308083
-1.13863306267 -0.062484467954 0.886151451543 -1.23487389022 -0.000557038176301 1.01229130772
-0.327277762425 0.243218688263 0.314595762371 -0.315265247126 0.324199652447 -0.0359364870522
0.260908161271 0.223574727256 2.55196297724 0.061692152085 0.212869038465 2.61424901329
-0.143236062612 0.177145642476 -0.668597874804 -0.0107129505772 0.587824491875 -0.328543981371
0.467093627002 -0.332019467703 -1.43915647372 0.238490222254 -0.386986034168 -1.62689142637
-0.0295634762623 -0.415614030491 0.0874483673908 -0.0297668143779 -0.0826523192226 0.00458653585408
0.877289832379 -0.367244923756 3.91368865363 0.877289832379 -0.367244923756 3.91368865363
0.0773875134607 -0.238132787139 -0.312008480607 0.597326764582 -0.172378317751 -0.399775609988
0.381768769488 0.534517033563 -0.0720329207268 0.460505211643 0.589870138556 -0.0874775381566
-0.29097699277 -0.953512229024 -4.76824072437 -0.29097699277 -0.953512229024 -4.76824072437
-0.0596794197857 0.213153943287 0.440459839469 -0.421395061274 -0.432379191916 0.0826382443398
0.747615144201 -0.668106164688 -0.384318385656 0.280690505259 -0.275651337493 0.163767419469
-0.0703637055375 -0.238712760276 -0.000615038688052 0.484738459525 -0.434940914325 0.262318439227
0.929713649644 0.681589411562 0.00607234071387 0.929713649644 0.681589411562 0.00607234071387
-0.333625268273 0.0513735891087 1.17129168005 -0.15308961474 0.410710826723 0.345754368708
-0.178179592519 -0.71446654264 0.359525574244 0.0767906172306 -0.402082819043 0.439185841143
0.130444815427 -0.130629125567 -0.0234228754622 0.0605503954453 0.58129511317 -0.3948779863
-0.194061871113 0.0690428695397 1.48784019521 0.0316915539836 0.0706337865692 1.33253553556
0.129601226915 0.604888703254 -0.576540454281 -0.143236062612 0.177145642476 -0.668597874804
0.26994367418 -0.0622349631784 -1.72432241419 -0.0428448373082 -0.347802777211 -1.59429376798
-0.375894769444 -0.529216187425 -0.269919663992 -0.439092013817 -0.653939997856 -0.261731851755
-0.148110716544 -0.0636981979691 1.56139076823 -0.398317914817 -0.0327887908979 1.26952296681
0.174683903307 -0.211986484667 0.316932883064 0.219917806366 -0.3372711344 -0.127903902996
0.13876630031 0.374909589336 0.66938826476 -0.3999170906 0.121861117577 0.709119864409
-0.233624875006 0.0951113236544 -0.387831490449 -0.500505081521 0.205893016365 -0.092571626027
-0.119931054283 -0.565295993129 0.59201767971 -0.63457789491 -0.376308578559 0.781147963814
-0.918869239303 -0.431301884095 -0.135872344276 -0.918869239303 -0.431301884095 -0.135872344276
0.751251408444 0.769471335255 1.76901603677 0.751251408444 0.769471335255 1.76901603677
-0.4266584296 -0.233302860466 0.793516997898 0.0130187651949 -0.311445356528 0.282132400875
-0.3999170906 0.121861117577 0.709119864409 -0.375068032933 0.0969492598021 1.07708915675
0.344287015176 -0.666081597272 0.73173454825 0.16849255119 -0.683958279723 0.265145701089
0.16111701447 0.231842583176 0.490579403876 0.446396966275 -0.0934620771805 0.89995888525
0.2711850632 -1.37918879531 4.49941623028 0.2711850632 -1.37918879531 4.49941623028
-0.146338025164 -0.245073020541 -0.0355891536191 -0.11754750971 0.321762439936 -0.627622750537
0.377994785215 0.0425548208961 -0.228110396177 0.254741480579 -0.0936409597962 0.111310595647
0.0386705333392 -0.471831965858 -1.36027898752 -0.612179151952 -0.413247301501 -1.04940015982
-0.923640469565 0.149217923002 0.0446145318362 -0.0679411878394 0.129020460649 -0.494882233383
-0.383634529811 0.196067430085 0.517514891329 -0.317692847668 0.451884751913 0.742552300349
-0.311061553431 0.595278882761 -1.60957251312 0.0993607530125 0.466072587506 -1.19428001042
-0.0123523138063 -0.133071293078 0.47509590862 -0.18698305314 -0.137103160097 0.561742976036
0.305206575794 0.420284421969 0.213050285067 0.48732936734 0.316504284356 -0.407261220624
0.270526314037 -0.707980392387 -0.00329710146993 0.202300913038 -0.291164305665 0.158056921959
-0.589799474353 0.640881084379 5.07730350881 -0.589799474353 0.640881084379 5.07730350881
0.437216731929 -0.717533084813 -0.271366611917 0.0613152649211 -0.702458695203 -0.336096606991
-0.62823301471 0.309503378209 1.37620531524 -0.709083795457 0.247871906185 1.62812649499
-0.0858093371307 0.0299383983767 0.0424973460464 -0.468271370348 0.144640376279 0.0426380337692
-0.0978621913915 0.388976569638 0.291437974 0.00700144917659 -0.129781714857 0.55732251931
-0.156015928264 0.213063705342 -0.590219768613 -0.156015928264 0.213063705342 -0.590219768613
-0.500505081521 0.205893016365 -0.092571626027 -0.591458854846 -0.622197790363 -0.109087691786
0.0768732139611 0.0911163973601 -4.08419596638 0.0768732139611 0.0911163973601 -4.08419596638
0.661812255145 0.286751138022 0.602038787642 -0.116208859363 0.308360669521 0.676635064496
-0.349462718043 -0.0629388111844 0.302285722727 -0.0703637055375 -0.238712760276 -0.000615038688052
0.847796588295 0.431051912068 0.0731104340691 0.873308632413 0.392451672022 0.355418730748
-0.168292873312 0.180498220299 0.427487916617 0.250369643585 0.106065877543 0.648343169652
-0.852319036651 0.377440965078 0.0385180854004 -0.694036137309 0.251516043791 -0.242074804675
0.660285680525 -0.0256765541419 0.144162045096 0.803524732029 0.210116451059 -0.115462469292
0.206476641806 -0.262237690157 -0.552722605025 0.0161454977081 -0.462802135129 -0.710863983627
0.372119123666 0.830637972044 2.94993312058 0.372119123666 0.830637972044 2.94993312058
-0.00741380860745 -0.0582316972689 0.964426395719 -0.25132290562 0.27969655243 0.956245792946
-0.531989510461 -0.242314477735 0.845158654586 -0.129044787421 -0.326913972057 0.549152165166
-0.168339004558 0.19991852957 0.83007538638 -0.436501841308 -0.056692193053 0.134484282363
-0.408384025897 0.44509835014 0.941758288953 -0.817783206354 0.17714734769 0.77231685387
-0.00354582723744 0.125766902351 0.0579693069546 -0.464945600185 0.323963657961 0.393783249238
0.290056975297 0.455378223731 -1.57779945813 0.290056975297 0.455378223731 -1.57779945813
0.798741655007 -0.564620039324 1.2246035957 0.710939933785 -0.505361342975 1.44707059583
0.187190934071 0.940653426725 -0.212899341504 0.187190934071 0.940653426725 -0.212899341504
-0.0670970397888 -0.690321809638 -0.314400637308 0.0918994824599 -0.747054369967 0.0228070141615
-0.331702008775 0.159277671968 0.169111373411 -0.652128980202 0.182420510933 0.407009658872
0.305496966153 -0.155366996705 0.153523701944 -0.00716580859569 -0.39083192526 -0.292315251069
-0.696834102232 -0.763280345044 1.89327370917 -0.826615028746 -0.653503078195 1.71079792131
0.241100140565 -0.0899666278383 0.804654499994 -0.103413567334 0.0290705591283 0.514368745434
-0.185930786246 -0.0358019468202 -0.0772174560484 -0.0433644048164 -0.231175525834 0.190031681318
-0.164080639888 -0.359050667116 0.311574147336 -0.365852208708 -0.372003118931 -0.294412854044
-0.569404359997 0.274960490332 0.344082873999 -0.49550207844 -0.0382413755545 0.0486448844394
-0.149573220206 0.021610875502 1.50713035585 -0.518328508873 0.0867569924097 1.44066632755
-0.114420046975 0.166081554251 0.380045659136 -0.472575121279 0.444483724316 0.511793347698
-0.548452323025 -0.391202599378 -0.694658244817 -0.405109788409 -0.764813139937 -0.541296374937
0.491205919631 -0.532376684628 -0.0855004703585 0.109771564065 -0.0968118957393 0.00127379672715
0.278848018077 0.0812416803377 0.280863614802 -0.101052709104 -0.122366155264 -0.142541559974
0.00700144917659 -0.129781714857 0.55732251931 0.143723994223 -0.323299013596 0.163792286321
-0.436501841308 -0.056692193053 0.134484282363 -0.331702008775 0.159277671968 0.169111373411
0.245169824785 -0.234209814176 0.965965864709 -0.531989510461 -0.242314477735 0.845158654586
0.153436200099 -0.410822603743 -0.741114682475 0.373501971797 0.182498105892 -0.987224735212
0.347444734284 -0.299271234418 -1.34086064091 0.467093627002 -0.332019467703 -1.43915647372
-0.15308961474 0.410710826723 0.345754368708 -0.146717761867 -0.0652055812118 0.403706448789
-0.0316410175883 0.11476519519 -0.345723498238 0.0759464688368 0.755325592417 0.320030567385
-0.0556275071842 0.0663315520701 0.521525780711 0.0818108440227 0.122264441932 0.650952892647
-0.437661955863 0.0436812192557 1.22262480096 -0.333625268273 0.0513735891087 1.17129168005
-0.435458367023 0.0525648997526 -0.0935567777067 -0.470224549469 0.171378625938 -0.378870710423
0.0993607530125 0.466072587506 -1.19428001042 0.26994367418 -0.0622349631784 -1.72432241419
0.377830277407 -0.156283084724 -0.329104844919 0.257918307684 -0.218504241413 -0.341123254498
0.254741480579 -0.0936409597962 0.111310595647 -0.316993651808 -0.173272674458 0.156966373401
-0.591458854846 -0.622197790363 -0.109087691786 -0.0316410175883 0.11476519519 -0.345723498238
-0.363712024635 0.0653666203061 0.985107731375 -0.226478074798 0.0665736119711 0.776313140092
0.270755910203 0.0385463139829 0.315530022658 0.278328193335 0.422490460306 -0.214276376684
0.373501971797 0.182498105892 -0.987224735212 0.201200658882 0.389266390901 -1.35377292969
0.0493068708444 0.663768844178 1.3902565516 -0.236869448465 0.644682617714 1.59033332562
0.248821054772 -0.173627576884 1.35800338008 0.467451676402 -0.352375397573 0.970932779951
-0.318521116801 -0.459561591796 0.300482024389 -0.114167670576 -0.128582106831 0.218672129602
0.12303391624 0.108062363173 -0.00997118404201 -0.334461020617 -0.314752451122 -0.288942801746
-0.186708937735 -1.72662064591 -0.339302372565 -0.186708937735 -1.72662064591 -0.339302372565
0.389844160512 -0.332996376224 0.203429821573 0.17642623434 -0.308230742001 -0.169888772612
0.0350945934853 -0.524732084445 -0.00109785603663 -0.0295634762623 -0.415614030491 0.0874483673908
0.0972686540758 0.326400121698 -0.639268586688 0.0673684971557 0.0213834374077 -0.101702682937
0.00532391124723 1.3664455093 0.334104092871 0.00532391124723 1.3664455093 0.334104092871
-0.382047703261 -0.471603760268 -0.583252632601 0.110468846774 -0.509271200338 -0.12955797295
0.109771564065 -0.0968118957393 0.00127379672715 0.603740069937 0.0318856327868 0.098582809133
0.110682918586 -1.38330035883 -5.90174030277 0.110682918586 -1.38330035883 -5.90174030277
0.462805643807 -0.540572643325 -0.104321290952 0.496313983816 -0.171270458478 -0.13492812221
0.233561083147 0.667759545779 0.586951027702 0.194959558955 0.970865468216 0.646354554655
0.0765230086023 -0.130233934974 0.870653486734 -0.522032325454 0.0851410761633 1.21477154119
0.344851866177 -0.0905627463783 1.75417379443 0.344851866177 -0.0905627463783 1.75417379443
0.0891620890377 0.439679781939 -0.302451469459 0.377830277407 -0.156283084724 -0.329104844919
-1.2853121515 -0.322800260697 -2.30016630832 -1.2853121515 -0.322800260697 -2.30016630832
0.298672095523 -0.190067657014 1.2389690679 0.298672095523 -0.190067657014 1.2389690679
-0.214554352527 0.863023423625 0.103268642472 0.0525979593408 0.816264390309 -0.0154430981611
0.405644399782 0.237243413483 0.506614421859 0.661812255145 0.286751138022 0.602038787642
0.513710496846 0.234798687824 -0.0283042317659 -0.0978621913915 0.388976569638 0.291437974
0.710939933785 -0.505361342975 1.44707059583 -0.214535863174 -0.701876674367 1.80906945336
0.384587090371 -0.824473577997 0.872323339837 0.709670777536 -0.648995825378 0.316764178864
0.0022272831136 -0.19968234648 -0.00806992030833 0.0605493842595 -0.20023019054 0.157123308544
-0.612179151952 -0.413247301501 -1.04940015982 -0.430596647447 -0.511626006544 -0.875822860799
-0.390047622125 0.249482603288 0.433177339 -0.407092612891 0.176101162098 0.581260824074
0.177214240111 0.0905894715501 0.0841704237249 0.305496966153 -0.155366996705 0.153523701944
0.0316915539836 0.0706337865692 1.33253553556 0.336058821963 -0.294934706898 1.20948986112
0.761169320442 0.34514842977 -0.366584034254 0.312648628013 0.599492740415 -0.405470668906
0.312648628013 0.599492740415 -0.405470668906 0.0665812136271 0.656723772665 -0.530098638154
-0.845349578458 0.515852613301 -0.359079083369 -0.576190998464 0.295838355912 -0.664211875429
-0.15544405886 0.0491607200788 -0.415618961759 0.139545086768 0.12051196482 -0.239634532784
-0.817783206354 0.17714734769 0.77231685387 -0.316906625435 0.138388112484 0.470854018854
0.0692979066212 -0.257447488948 0.371080958738 0.462805643807 -0.540572643325 -0.104321290952
-0.124782237807 0.185270560775 0.308359400495 -0.390047622125 0.249482603288 0.433177339
-0.260988041802 0.281898366304 0.499207519839 -0.262702624337 0.0459723333526 0.390842805819
0.0161454977081 -0.462802135129 -0.710863983627 0.288923279915 -0.578226356935 0.220577694371
0.440039740513 0.246997341378 0.844707001024 -0.00946843530836 0.238873825349 0.737482621987
-0.106458104418 -0.0469373954564 0.69365801291 -0.0556275071842 0.0663315520701 0.521525780711
-0.0153316530117 0.174600651881 -1.10631243443 0.087503953568 0.266584600329 -1.32190646679
0.37456589515 -0.162404768452 0.650349364277 -0.258080162354 -0.422834658496 0.0686665540483
0.293008080261 -0.500348176765 0.615109184879 0.0713288598766 -1.00224126761 0.613077598686
0.157238078536 0.0440764712161 -0.403421139112 0.129601226915 0.604888703254 -0.576540454281
-0.00716580859569 -0.39083192526 -0.292315251069 -0.0250956545074 -0.373517465455 -0.328437226205
-1.95293028554 -0.015922068127 -5.44731084909 -1.95293028554 -0.015922068127 -5.44731084909
-0.173413286827 -0.360952398192 -0.55776499118 0.151621751007 0.26780908864 -0.750669838614
0.772979301393 -0.241251102977 -0.453887505622 0.514769650846 -0.251709302592 -0.271709204746
0.202300913038 -0.291164305665 0.158056921959 -0.0452974009643 0.139951546795 -0.0741603678685
-0.208450696095 0.357703575108 0.184650662458 -0.0654438108709 -0.231736630366 0.096936785893
-0.391224819938 -0.359773808545 -0.167255322531 -0.375894769444 -0.529216187425 -0.269919663992
0.139545086768 0.12051196482 -0.239634532784 0.0318053090617 0.223029619612 -0.00693690645669
-0.408503073102 -0.823451812622 -0.133335932824 -0.231372907524 -0.618964153396 0.187324488582
-0.484187387503 -0.140641748751 1.09370750176 -0.914299396189 0.0144071246775 0.810407118575
0.901346611512 -0.218619767311 -0.557628905722 0.901346611512 -0.218619767311 -0.557628905722
-0.584019591723 0.580699532752 0.801976827698 -0.408384025897 0.44509835014 0.941758288953
0.71867503833 -0.38154510806 -3.21921825874 0.71867503833 -0.38154510806 -3.21921825874
