-0.438656424512 0.838336799977 -0.670261533783 -0.438656424512 0.838336799977 -0.670261533783
1.02629048931 -1.22985846809 -0.466869367254 1.02629048931 -1.22985846809 -0.466869367254
-0.194052511847 -0.713803802321 -4.24755229852 -0.194052511847 -0.713803802321 -4.24755229852
0.40590007915 0.260775243717 -0.430466099579 0.141347008739 -0.0360284292459 -0.253561687368
-0.258220487366 -0.716788981702 2.49683976754 -0.258220487366 -0.716788981702 2.49683976754
0.452211128607 0.176929106141 1.09897025337 0.817355478794 -0.0267292895242 0.856692515005
-0.223750759845 0.895432699102 -4.77537351225 -0.223750759845 0.895432699102 -4.77537351225
0.014180671926 0.163019130664 -4.56859422689 0.014180671926 0.163019130664 -4.56859422689
0.530377053566 0.0705013257779 0.475126433782 0.530377053566 0.0705013257779 0.475126433782
-0.0909165250388 -0.116905432476 -1.07109960316 -0.12561261891 0.255700121845 -1.65542073103
-0.167677344846 0.156378360279 0.0553037660198 0.0431323787356 0.357777390764 0.157541122983
0.472664626023 -0.313316523077 1.86195007311 0.256885678454 -0.24401007305 1.84428026512
0.253427918246 -0.0656345282474 1.38824770453 0.0766693821486 0.503003172684 1.08153906765
0.541753045562 -0.446639015196 3.23636332887 0.541753045562 -0.446639015196 3.23636332887
-1.11345870277 -1.63975706115 -2.51753359166 -1.11345870277 -1.63975706115 -2.51753359166
0.527995130705 0.289111926639 -3.80735004839 0.527995130705 0.289111926639 -3.80735004839
-1.4118573493 0.339266431124 0.449142907557 -0.730581222712 0.0307705751961 0.35204404843
0.159707518428 -0.688026989676 -4.36603323197 0.159707518428 -0.688026989676 -4.36603323197
0.0917115297256 -0.216923841109 1.29657798441 -0.14158445925 -0.336868400423 1.37225178377
0.459530002111 -0.337364807341 0.78553868921 0.443005412055 -0.0590729461649 0.649612997771
0.0365013080128 0.0788403530606 0.662756022342 -0.161177702462 0.0306252537036 0.635220542938
0.575013469256 -0.985077686807 -0.485996736147 0.575013469256 -0.985077686807 -0.485996736147
0.146777188304 -0.278215898854 -5.79908014764 0.146777188304 -0.278215898854 -5.79908014764
-0.149200335496 -0.904763252562 -6.81795040098 -0.149200335496 -0.904763252562 -6.81795040098
-0.381396841237 -0.949732895283 0.0386679687992 -0.381396841237 -0.949732895283 0.0386679687992
-0.538960093439 -1.7568433845 5.91899753842 -0.538960093439 -1.7568433845 5.91899753842
0.238675945969 -0.351882741097 1.60254008868 0.238675945969 -0.351882741097 1.60254008868
0.720875065046 -0.0101711523539 0.627737864911 0.438821333443 0.360311579581 0.364393341015
0.407611420075 -0.66705184014 2.04204739544 0.698663057828 -0.596766777894 1.86587590019
-0.417755337251 0.854139008071 3.94659736964 -0.365699807885 0.767937677671 4.03677489905
-0.420827067166 -0.128517658229 -0.0176600505865 -0.673264668956 -0.455464039898 0.0672661864548
1.29581314943 0.222993240035 -6.07746920796 1.29581314943 0.222993240035 -6.07746920796
0.168472413841 0.16750023898 0.117506778864 0.0386904685221 0.46053412699 -0.2120560693
-0.647208276146 0.211686119745 0.430259198972 -0.0420048480338 -0.168395842879 0.767037117575
0.536842373378 1.25578135067 2.18061720182 0.536842373378 1.25578135067 2.18061720182
-0.225702834415 0.305322658687 -0.7865076988 0.352714163427 0.228908077444 -0.33110427252
0.37562687662 -0.491994113741 -0.535149226268 0.37562687662 -0.491994113741 -0.535149226268
-0.0522785153789 0.0694305974611 -2.21986259622 -0.259380461905 0.399000701107 -2.0792879555
-1.13054273987 -1.50286660749 -2.07282127688 -1.13054273987 -1.50286660749 -2.07282127688
-0.434529917134 1.38837307584 1.11182433609 -0.434529917134 1.38837307584 1.11182433609
-2.3277176022 -1.51051169434 1.30364759513 -2.3277176022 -1.51051169434 1.30364759513
0.0961675702872 -0.285472272383 1.18994666172 0.235169544553 -0.593212108413 1.065477072
0.704119907075 -0.231172449877 -0.752978694193 0.230505601551 0.111761561709 -0.846532439145
0.628630385159 0.0427938733027 -1.68228916883 0.573723568802 -0.34957604982 -1.71425513306
0.300715654093 0.00264340607547 -3.34939010164 0.173135080376 -0.356508076543 -3.67237314182
-0.956297004479 -0.00587981766132 -5.91744669234 -0.956297004479 -0.00587981766132 -5.91744669234
-0.220457498121 0.625380539256 -2.57879219291 -0.220457498121 0.625380539256 -2.57879219291
0.151475049799 -0.321435513223 0.814219967331 0.165263007644 0.0684750608393 0.833260854216
1.39839064041 -1.5360244552 3.09991978584 1.39839064041 -1.5360244552 3.09991978584
0.127262565102 0.757275404458 -0.180484608551 0.118899009714 0.983702139515 0.291899997386
-0.669429017802 0.105924917335 6.59138094925 -0.646254451746 0.236824066341 6.64785684309
-0.931198326309 1.00173992764 -3.46345253322 -0.931198326309 1.00173992764 -3.46345253322
0.268319797478 -0.664654528916 1.03954079786 0.090454448751 -0.226699002131 1.17603832594
-0.634947247976 0.108776479366 0.176493967164 -0.380693540057 0.11016034982 0.0435752353771
-0.0564744616191 -0.535732005246 1.43415892769 0.179468028115 -0.208411914898 1.89308025723
0.118899009714 0.983702139515 0.291899997386 -0.170440287904 0.444839315351 0.438120659103
0.64898643874 1.57622192962 -4.74077836241 0.64898643874 1.57622192962 -4.74077836241
0.235169544553 -0.593212108413 1.065477072 -0.00482222308328 -0.514757054349 1.03319080634
-0.533355147479 -2.32654448971 6.28202276902 -0.533355147479 -2.32654448971 6.28202276902
-0.671609525345 0.131321077228 0.64751483071 -0.647208276146 0.211686119745 0.430259198972
0.107995781155 -0.174115406204 -4.66058074137 0.107995781155 -0.174115406204 -4.66058074137
-0.996598332472 0.652942208589 3.7373067803 -0.996598332472 0.652942208589 3.7373067803
-0.341734262633 0.0310006289044 1.18487854137 -0.445043971854 0.212917934081 1.13863208383
0.726241752031 -0.680060175101 6.40455742563 0.680764823762 -0.70440337324 6.36890107085
-0.149845254543 -0.405252647944 0.971426318314 0.113542864903 -0.763238500743 0.971667995852
0.680764823762 -0.70440337324 6.36890107085 0.609948483829 -0.677512488433 5.94511860313
1.86379549558 -0.622708634377 -1.49255566503 1.86379549558 -0.622708634377 -1.49255566503
-0.296648555711 0.751854099984 -0.631752950446 -0.595130440885 0.791344515025 -0.706736318939
-0.786987935288 1.31730392566 -1.89562695749 -0.786987935288 1.31730392566 -1.89562695749
-0.276056147613 -0.348586353285 -0.828579002797 -0.144037480098 -0.759433233167 -0.85872089666
-0.154626732722 -0.430885377497 0.702716510384 -0.0525214237033 -0.570067808022 0.63314081417
-0.838084558956 0.43324918428 -3.39677308612 -0.838084558956 0.43324918428 -3.39677308612
1.05933834004 -2.31340116568 -1.88003086184 1.05933834004 -2.31340116568 -1.88003086184
0.281972692413 0.278966512489 0.961962896983 0.459530002111 -0.337364807341 0.78553868921
0.107612014609 0.189221336019 -0.0224586464742 -0.133690421309 0.00741345164534 -0.0140568451438
0.791357283899 -1.92911815999 0.575859580443 0.791357283899 -1.92911815999 0.575859580443
0.0256764025723 1.01989679824 2.33612166693 0.0256764025723 1.01989679824 2.33612166693
0.318031356997 -0.00581175064699 0.385703930212 0.268391350172 0.214991227429 0.649390630786
-2.92935403114 -0.0476573353153 -2.032827443 -2.92935403114 -0.0476573353153 -2.032827443
1.20641461561 0.757472692884 -1.9317688352 1.20641461561 0.757472692884 -1.9317688352
-0.75038592749 -1.69887134754 -0.716600117119 -0.75038592749 -1.69887134754 -0.716600117119
-0.854239598524 -0.249987658267 -0.00354139161234 -0.584413646715 0.0923294627614 -0.0494942639617
0.20076634018 -1.2843346329 7.68291065295 0.20076634018 -1.2843346329 7.68291065295
-0.808026798535 0.00660952127298 1.08587094011 -0.37468646023 -0.309528013604 1.00413056318
-0.12561261891 0.255700121845 -1.65542073103 0.205602937112 0.383102954424 -1.94691619874
-0.663700071206 2.22109776384 3.80186102033 -0.663700071206 2.22109776384 3.80186102033
0.314372895557 0.847273466919 -0.0776915067138 0.302497976801 0.636161921197 -0.0838009675226
-0.595130440885 0.791344515025 -0.706736318939 -0.539497392661 0.748856914101 -0.718728834969
-0.171637693901 -0.74181085851 0.755526033225 -0.171637693901 -0.74181085851 0.755526033225
-0.10917426908 0.799196820328 1.09070662787 0.110796982277 0.642812243685 0.75176895101
-0.249611292924 0.0886221630316 -1.20506344453 -0.249611292924 0.0886221630316 -1.20506344453
-0.268532331717 0.0106704830928 -0.805416387743 0.0622624730253 -0.267769519394 -0.851153821116
-0.343767494285 -0.691996282354 0.595675256982 -0.149845254543 -0.405252647944 0.971426318314
0.0181229460615 -0.314292409559 -0.102114038428 -0.176934690673 -0.393323057333 -0.255556843544
0.288116739429 0.340139413786 -0.337588152711 0.107394225375 0.349758268451 -0.183382939077
-0.14158445925 -0.336868400423 1.37225178377 -0.165051928573 -0.296840844076 1.19457333529
-0.180838301388 0.0126601540402 0.87161744205 -0.235308372919 0.390090079509 0.924236156653
-0.358392915148 -0.166544097027 0.911580502193 -0.44199472443 -0.0142492251633 0.769106107814
0.498338866181 -0.127618599248 2.77718773992 0.498338866181 -0.127618599248 2.77718773992
1.3717897624 -1.10369673744 -0.129356334398 1.3717897624 -1.10369673744 -0.129356334398
-0.380693540057 0.11016034982 0.0435752353771 -0.11548140788 -0.0384281523233 0.326141352876
-0.945157676553 -0.658315770105 -2.54112181539 -0.362027489193 -0.819665969869 -2.56011566501
-1.44885346471 0.63320879957 -0.103605142953 -1.44885346471 0.63320879957 -0.103605142953
0.689524517774 -0.10675970039 -4.1056064096 0.689524517774 -0.10675970039 -4.1056064096
0.276114258027 0.429249839318 -0.879732212487 0.276114258027 0.429249839318 -0.879732212487
0.808341638085 0.840788175436 -2.81796896679 0.808341638085 0.840788175436 -2.81796896679
0.311389065573 0.294523040341 -0.343405656409 0.311389065573 0.294523040341 -0.343405656409
0.438821333443 0.360311579581 0.364393341015 0.318031356997 -0.00581175064699 0.385703930212
1.27774282738 -0.370894001973 -0.357795804708 1.27774282738 -0.370894001973 -0.357795804708
-0.673264668956 -0.455464039898 0.0672661864548 -0.627415059296 -0.259135578459 0.209947986168
-0.0942418847976 -0.635506033424 1.15962927013 0.268319797478 -0.664654528916 1.03954079786
1.56250134728 1.2308096278 3.18636626309 1.56250134728 1.2308096278 3.18636626309
0.629251580997 -0.649992510506 1.5150633286 0.407611420075 -0.66705184014 2.04204739544
-0.201321915505 0.537894746568 -0.589897492469 0.0392756356269 0.467799768735 -0.748551927291
-0.772724707264 -0.381045767079 1.71960121159 -0.772724707264 -0.381045767079 1.71960121159
-0.0950924178033 0.982105962417 1.30238720152 -0.10917426908 0.799196820328 1.09070662787
0.000398155290237 -0.795838539128 -1.90852983988 0.000398155290237 -0.795838539128 -1.90852983988
-0.218925374432 -0.598410530765 2.74277486026 -0.218925374432 -0.598410530765 2.74277486026
0.196878570646 0.0848307509731 0.101762384842 0.00188523425352 0.0135771573203 0.681517934967
0.455109516825 1.48295898999 -4.90236901688 0.455109516825 1.48295898999 -4.90236901688
-0.144842628336 -0.518526631229 2.27566981308 -0.144842628336 -0.518526631229 2.27566981308
0.00975911240163 0.378345142821 -1.16589217134 -0.225702834415 0.305322658687 -0.7865076988
0.281535118688 -0.173489110661 -1.09868201214 -0.0677425674163 -0.0605322031925 -0.911203052255
0.461731574251 -1.16922705556 -0.402255245259 0.706197208955 -1.24142511991 -0.405891874184
-0.217538316478 0.0753659037939 1.10649828841 -0.358797011954 0.0458194259962 1.20145318119
-0.44199472443 -0.0142492251633 0.769106107814 -0.351400523898 -0.0980977396358 0.555751016634
1.5815554128 1.86107371104 5.18542372553 1.5815554128 1.86107371104 5.18542372553
0.141926523579 0.462543558158 -0.616213785096 0.224597706034 0.153115028738 -0.490760001501
1.60314001832 0.016156786035 1.99618790856 1.35090173597 -0.245803288069 1.96032962216
-0.204954457683 0.696222815598 1.30670216577 -0.0950924178033 0.982105962417 1.30238720152
1.35090173597 -0.245803288069 1.96032962216 1.60314001832 0.016156786035 1.99618790856
0.0257250027016 -0.0120207589617 1.12308096519 0.119306541983 -0.138515773341 1.14844663445
-0.157053370079 0.2576277547 1.05051081333 0.0193395248464 0.782890145119 0.498541961082
0.314765444333 -0.346641539523 0.850058725818 0.728107406794 -0.474395832267 0.629620944747
0.141347008739 -0.0360284292459 -0.253561687368 -0.259550542909 0.33696161718 -0.355795593019
0.292497095622 -0.650253378013 -0.0655601299383 0.292497095622 -0.650253378013 -0.0655601299383
0.998243400589 -0.887599615565 -4.55649577132 0.998243400589 -0.887599615565 -4.55649577132
0.549674769524 2.4111618824 5.55438618316 0.549674769524 2.4111618824 5.55438618316
-0.449387636395 -0.192471385199 0.768120470212 -0.544563642257 -0.141387035387 0.89426275297
1.14320641039 -0.0631938153505 -4.4755589854 1.14320641039 -0.0631938153505 -4.4755589854
0.365033069566 0.371593010646 -0.771276001071 0.249271791725 0.0702533917834 -0.91346872006
0.040258036537 -1.10694944978 -1.63918676396 0.040258036537 -1.10694944978 -1.63918676396
0.271873811484 0.648626664761 0.243728361604 0.331371663032 -0.178406030503 0.325291774128
-0.0628867925768 -0.532968452586 -1.01898881713 -0.0628867925768 -0.532968452586 -1.01898881713
-0.122965843791 -0.574728095654 0.650118407151 -0.0458410870525 -0.0963175279829 0.685193558897
0.224597706034 0.153115028738 -0.490760001501 0.4379973376 -0.113241241396 -0.170845883003
0.352714163427 0.228908077444 -0.33110427252 0.095378024346 0.0576071152276 -0.512080327268
-1.05634361713 -0.24800469009 1.45698712428 -1.05634361713 -0.24800469009 1.45698712428
0.328425261018 0.531866378816 -1.66900606942 0.328425261018 0.531866378816 -1.66900606942
-1.08548732408 -0.0823491384649 9.74050160396 -1.08548732408 -0.0823491384649 9.74050160396
0.107394225375 0.349758268451 -0.183382939077 0.288116739429 0.340139413786 -0.337588152711
-0.355448067729 -0.310436328588 1.6879692401 -0.355448067729 -0.310436328588 1.6879692401
0.0757483865301 0.97591363495 -1.20209193529 0.00231041637657 1.25877720405 -1.59662304402
0.173135080376 -0.356508076543 -3.67237314182 0.300715654093 0.00264340607547 -3.34939010164
-0.584413646715 0.0923294627614 -0.0494942639617 -0.282856047742 0.325843426295 0.118507264504
-0.36651379029 -1.0225123616 3.8747744997 -0.36651379029 -1.0225123616 3.8747744997
0.593531586696 0.159065884114 0.199216823288 0.481035153226 0.0814088459871 0.337709903255
-2.30694145225 -0.779728763998 4.72663311738 -2.30694145225 -0.779728763998 4.72663311738
0.600591758849 -0.697290911398 1.74388892399 0.629251580997 -0.649992510506 1.5150633286
0.337922388315 -0.00482468175545 3.17124853871 0.438765905641 -0.0753672042972 3.02284290785
-0.11181052058 1.0785005791 -4.34977265466 -0.11181052058 1.0785005791 -4.34977265466
0.842996462077 1.84720133287 -0.586289306735 0.842996462077 1.84720133287 -0.586289306735
0.0805160162343 -0.398207041791 0.194702207982 0.413311037424 0.0588583064496 0.544863176567
-0.896648248265 0.47592829994 7.46886131708 -0.896648248265 0.47592829994 7.46886131708
-0.830956892954 -0.391717526836 5.68626088179 -0.830956892954 -0.391717526836 5.68626088179
0.187400736631 0.685313126592 3.21001670946 0.187400736631 0.685313126592 3.21001670946
-0.119897903655 0.210843059014 -0.548652355895 -0.119897903655 0.210843059014 -0.548652355895
-0.0707055474064 -1.34475699136 -1.26233945073 -0.0707055474064 -1.34475699136 -1.26233945073
-0.607986638123 -0.242878374526 0.732228844447 -0.607986638123 -0.242878374526 0.732228844447
0.28162825479 0.840974004123 -1.31809909046 0.274885032082 1.00716939871 -1.24430684638
0.0712312689769 -0.461340120935 3.52285580628 0.249644971883 -0.366395556314 3.55529733013
1.10568903101 0.339010363984 -5.06293476407 1.10568903101 0.339010363984 -5.06293476407
-0.398375052031 -0.00203669154514 4.03881623669 -0.398375052031 -0.00203669154514 4.03881623669
-0.478129690886 0.0886137465454 1.06436597822 -0.180838301388 0.0126601540402 0.87161744205
-2.21244334979 -1.62770473064 -0.123629995899 -2.21244334979 -1.62770473064 -0.123629995899
-0.465785867126 -0.53605977916 -1.92012880751 -0.465785867126 -0.53605977916 -1.92012880751
-0.233511381356 0.267097583151 0.475811880115 -0.03835224715 0.198940417947 0.282130319655
0.582475554319 -0.310503458027 6.30523870633 0.582475554319 -0.310503458027 6.30523870633
-0.555053274768 0.534498847939 1.72887995923 -0.555053274768 0.534498847939 1.72887995923
-0.129271363598 -0.34150077341 1.08249672127 -0.439581657432 0.075087210753 1.11042046269
1.20715978361 -0.308155278827 -1.52036511497 1.20715978361 -0.308155278827 -1.52036511497
-0.406500515476 1.1117180644 3.77805684681 -0.406500515476 1.1117180644 3.77805684681
0.717885077808 -1.34116311629 -2.91008307267 0.717885077808 -1.34116311629 -2.91008307267
0.129427490154 -0.520159828523 0.811441393862 0.0805160162343 -0.398207041791 0.194702207982
0.757682225704 0.787980432646 0.561019587859 0.757682225704 0.787980432646 0.561019587859
0.384889151769 -0.625263112456 -3.0793448637 0.384889151769 -0.625263112456 -3.0793448637
0.0193395248464 0.782890145119 0.498541961082 0.271873811484 0.648626664761 0.243728361604
0.573723568802 -0.34957604982 -1.71425513306 0.499981104071 -0.503963392681 -1.48174125127
0.232395917019 -1.45296854985 1.2437535048 0.232395917019 -1.45296854985 1.2437535048
0.353777131597 0.282720926422 0.532256949644 0.593531586696 0.159065884114 0.199216823288
1.4463406245 -0.139898099109 4.27980324174 1.4463406245 -0.139898099109 4.27980324174
-0.190945264849 0.310118992773 0.957611605733 -0.0627194415465 0.109202728708 0.857500199909
-0.375385796433 -0.345872549535 0.650656284651 -0.181983843969 -0.0838314887109 0.134074676504
0.090454448751 -0.226699002131 1.17603832594 0.0961675702872 -0.285472272383 1.18994666172
-0.0165523408961 -0.411411309653 -0.27051182478 -0.093370498921 0.137739199171 -0.471579113271
-0.362027489193 -0.819665969869 -2.56011566501 -0.945157676553 -0.658315770105 -2.54112181539
1.15757902276 0.0842057454043 -1.31396872225 0.808569464239 0.360519824061 -1.36365974429
-0.0585529140538 -0.736658841219 1.09914230631 0.134259741761 -0.889116588041 1.11737538012
0.690698529684 -0.620276590392 3.69610841815 0.6828975881 -0.525908258156 3.63454694004
1.13986926459 2.54836123274 2.19045381842 1.13986926459 2.54836123274 2.19045381842
-0.0020047337299 0.481949875938 0.518902245036 0.120384227545 -0.10105626128 0.673007129567
0.165263007644 0.0684750608393 0.833260854216 0.281972692413 0.278966512489 0.961962896983
0.622212039259 -0.361473362482 0.938706532545 0.473976424949 -0.292890375492 0.586453618361
-0.365699807885 0.767937677671 4.03677489905 -0.417755337251 0.854139008071 3.94659736964
0.701197952931 -1.73728431465 -1.38174803429 0.701197952931 -1.73728431465 -1.38174803429
0.562910954355 0.876071983955 1.20175454384 0.644276222832 0.926034045739 1.0102193867
-0.203660047701 -0.0273065016654 3.48897946708 0.168776349986 -0.334788261629 3.28852647964
-0.297797652638 -0.127167307725 0.494118172366 -0.375385796433 -0.345872549535 0.650656284651
-0.477650132522 0.0555915732037 -0.677811116524 -0.478274544417 -0.110263822369 -0.572401409017
-0.416402097969 0.0141574401931 -1.23333684847 -0.416402097969 0.0141574401931 -1.23333684847
0.301218949855 -0.188221256577 2.40025413105 -0.178557922362 -0.160883794087 2.48915232189
-0.282820957149 0.185069835501 3.52341515039 -0.282820957149 0.185069835501 3.52341515039
-1.94321806005 -0.214690284074 -2.24034812798 -1.94321806005 -0.214690284074 -2.24034812798
-2.55621169327 -0.179279862657 -1.20964506479 -2.55621169327 -0.179279862657 -1.20964506479
-0.0862713625686 0.850172414556 0.0138231879088 0.314372895557 0.847273466919 -0.0776915067138
-0.601073324151 0.137070314328 -0.218092514083 -0.634947247976 0.108776479366 0.176493967164
-0.161057019823 1.13259256037 -7.09055744985 -0.161057019823 1.13259256037 -7.09055744985
-0.608076492777 0.338888556887 0.169241160551 -0.671609525345 0.131321077228 0.64751483071
0.481035153226 0.0814088459871 0.337709903255 0.592038544897 0.0741843012031 0.722954449927
-0.465267008189 -0.164171086071 1.02671888532 -0.449387636395 -0.192471385199 0.768120470212
1.57581096359 -0.287277015072 -0.896349588465 1.57581096359 -0.287277015072 -0.896349588465
0.870590639059 -2.46399964715 0.628603638004 0.870590639059 -2.46399964715 0.628603638004
0.00188523425352 0.0135771573203 0.681517934967 -0.356859137736 0.111696867483 0.899084655466
0.113542864903 -0.763238500743 0.971667995852 -0.0942418847976 -0.635506033424 1.15962927013
0.443005412055 -0.0590729461649 0.649612997771 0.452211128607 0.176929106141 1.09897025337
0.0344382244306 -1.13834982317 -0.589951419499 0.0344382244306 -1.13834982317 -0.589951419499
0.609948483829 -0.677512488433 5.94511860313 0.726241752031 -0.680060175101 6.40455742563
0.422176842388 -0.00867722211681 -3.05091775901 0.422176842388 -0.00867722211681 -3.05091775901
0.051389046054 1.5433309712 7.59643683285 0.051389046054 1.5433309712 7.59643683285
0.0970178896682 -0.356282009275 -0.285828297979 0.0970178896682 -0.356282009275 -0.285828297979
-0.393241146572 -0.717880145321 -2.14843142647 -0.393241146572 -0.717880145321 -2.14843142647
0.924725744601 -0.13964570269 0.881455067927 0.924725744601 -0.13964570269 0.881455067927
0.468114676735 -0.918357493834 4.26699628739 0.468114676735 -0.918357493834 4.26699628739
-0.0458410870525 -0.0963175279829 0.685193558897 -0.297797652638 -0.127167307725 0.494118172366
0.848502756269 0.751612829736 0.0771467652246 0.848502756269 0.751612829736 0.0771467652246
0.0386904685221 0.46053412699 -0.2120560693 0.223486125462 0.379049198191 -0.409540964686
-0.542635421971 0.0625751481003 -1.12410990652 -0.542635421971 0.0625751481003 -1.12410990652
0.473976424949 -0.292890375492 0.586453618361 -0.0585529140538 -0.736658841219 1.09914230631
-0.181983843969 -0.0838314887109 0.134074676504 -0.691774305077 0.015726639693 0.162980913066
-0.455247795621 0.0211699752033 -0.306265135755 -0.414317248304 -0.094787235116 0.218818887713
-1.26984760726 0.866768481998 -0.718612156391 -1.26984760726 0.866768481998 -0.718612156391
1.43465927902 0.597287584277 1.50360267085 1.43465927902 0.597287584277 1.50360267085
0.474303719282 0.0533501031515 0.86438537111 0.353777131597 0.282720926422 0.532256949644
0.275210890564 -0.600541041674 -1.80042964165 0.275210890564 -0.600541041674 -1.80042964165
0.163629176421 -0.881192965769 2.35947579624 0.163629176421 -0.881192965769 2.35947579624
0.683268101194 -0.501786031076 0.535933920661 0.720875065046 -0.0101711523539 0.627737864911
-0.458163501705 0.365321094759 -1.96189413537 -0.458163501705 0.365321094759 -1.96189413537
0.0164705167101 -0.390324074673 -1.58118249946 0.0164705167101 -0.390324074673 -1.58118249946
0.445787474207 0.23489712392 -0.488591951777 0.479181787694 0.291434626261 -0.261692884649
-0.439581657432 0.075087210753 1.11042046269 -0.46101129434 0.0405624655005 1.16066910129
-0.409459903166 -0.254296310677 -0.135854245693 -0.854239598524 -0.249987658267 -0.00354139161234
-0.0845084335924 0.186561491629 0.119175314223 -0.301005691525 -0.24895331693 -0.149727667028
0.302497976801 0.636161921197 -0.0838009675226 0.127262565102 0.757275404458 -0.180484608551
-0.0981254653632 0.562910042532 0.15823918174 -0.392553825728 0.664434933075 0.415676005391
-0.254837086648 0.462813383516 -0.862385091619 -0.298069267018 0.0993424765322 -0.846506475147
-0.0677425674163 -0.0605322031925 -0.911203052255 0.00975911240163 0.378345142821 -1.16589217134
0.208848917877 -0.236137376775 -1.98799667553 0.230528896817 -0.0138704855991 -2.04858834026
-1.42315450324 1.47377479809 3.07027787131 -1.42315450324 1.47377479809 3.07027787131
-0.402656594405 -0.0861759137334 0.0807740064037 -0.455247795621 0.0211699752033 -0.306265135755
-0.539497392661 0.748856914101 -0.718728834969 -0.254837086648 0.462813383516 -0.862385091619
0.109175529474 -0.00335603746183 0.929597655482 -0.149599698673 0.025316144915 0.986528932697
-0.544563642257 -0.141387035387 0.89426275297 -0.548826787774 0.126589457746 1.0487872034
-0.170440287904 0.444839315351 0.438120659103 -0.0410329414554 0.124539110902 0.775387644941
0.0766693821486 0.503003172684 1.08153906765 0.0993810599738 0.197706510111 1.15929885571
-1.40843325933 -0.809955899947 1.35923422527 -1.40843325933 -0.809955899947 1.35923422527
-1.33287958398 0.560926936231 -3.25513491189 -1.33287958398 0.560926936231 -3.25513491189
-0.445043971854 0.212917934081 1.13863208383 -0.204954457683 0.696222815598 1.30670216577
0.301635894887 0.387290676703 1.2494533074 0.301635894887 0.387290676703 1.2494533074
-0.60519352194 0.0174582339604 0.943323215806 -0.358392915148 -0.166544097027 0.911580502193
2.97696795795 1.09239069301 0.761615319433 2.97696795795 1.09239069301 0.761615319433
-0.737679166631 -0.618498190987 2.25345134524 -0.737679166631 -0.618498190987 2.25345134524
0.808569464239 0.360519824061 -1.36365974429 0.628630385159 0.0427938733027 -1.68228916883
0.532450605485 0.051420596677 0.500843435176 0.562984430105 0.0693437280662 0.565992662108
-0.0525214237033 -0.570067808022 0.63314081417 -0.343767494285 -0.691996282354 0.595675256982
0.976144724118 0.207120516641 6.6747996746 0.976144724118 0.207120516641 6.6747996746
-1.44559597692 2.48248079073 -0.188574353589 -1.44559597692 2.48248079073 -0.188574353589
-0.50684309903 -0.697069614122 -0.610850459396 -0.50684309903 -0.697069614122 -0.610850459396
0.607727784115 -1.15446698651 -7.90368554427 0.607727784115 -1.15446698651 -7.90368554427
0.0638384279586 0.432005300514 0.200540763245 0.107612014609 0.189221336019 -0.0224586464742
1.07225551187 0.00468662475859 1.25639768647 1.07225551187 0.00468662475859 1.25639768647
-0.680572573661 0.376367188004 4.35221642158 -0.680572573661 0.376367188004 4.35221642158
0.122586713239 -0.811999267738 5.94814258329 0.122586713239 -0.811999267738 5.94814258329
-0.185326618971 0.501724126266 3.86324976948 -0.185326618971 0.501724126266 3.86324976948
0.562984430105 0.0693437280662 0.565992662108 0.532450605485 0.051420596677 0.500843435176
1.64893802011 -0.548082408136 -2.59636852236 1.64893802011 -0.548082408136 -2.59636852236
-0.282856047742 0.325843426295 0.118507264504 -0.601073324151 0.137070314328 -0.218092514083
-0.669814272926 0.414482321398 5.51887309006 -0.669814272926 0.414482321398 5.51887309006
0.479181787694 0.291434626261 -0.261692884649 0.189491990873 0.163868340888 0.254263942996
0.6828975881 -0.525908258156 3.63454694004 0.690698529684 -0.620276590392 3.69610841815
1.18047492052 -0.843946638352 1.87354795747 1.18047492052 -0.843946638352 1.87354795747
0.168776349986 -0.334788261629 3.28852647964 0.0712312689769 -0.461340120935 3.52285580628
-0.144037480098 -0.759433233167 -0.85872089666 -0.25336401939 -0.905376091106 -0.588709815291
-0.650657086793 -1.66667632819 1.22840625194 -0.650657086793 -1.66667632819 1.22840625194
0.426909720578 -1.30328487232 -1.06032591129 0.426909720578 -1.30328487232 -1.06032591129
0.0392756356269 0.467799768735 -0.748551927291 0.365033069566 0.371593010646 -0.771276001071
0.108189369716 -0.499673832217 -4.95827223045 0.108189369716 -0.499673832217 -4.95827223045
-0.383682759502 -0.266339933132 4.15881237109 -0.383682759502 -0.266339933132 4.15881237109
-0.209253252174 -0.69878833602 -0.705603259622 -0.268532331717 0.0106704830928 -0.805416387743
1.51031834068 -0.752178754257 -2.53114926497 1.51031834068 -0.752178754257 -2.53114926497
-0.465906708293 1.22257427571 -0.189792975466 -0.465906708293 1.22257427571 -0.189792975466
-0.0410329414554 0.124539110902 0.775387644941 -0.204230499463 -0.191940342634 1.05838166918
-0.358797011954 0.0458194259962 1.20145318119 -0.808026798535 0.00660952127298 1.08587094011
0.0979008138594 0.0953788860125 3.10900937632 0.0979008138594 0.0953788860125 3.10900937632
-0.416607979294 0.0448140359325 0.698709498166 -0.60519352194 0.0174582339604 0.943323215806
-0.0710843273707 0.952811087685 -2.740300913 -0.0710843273707 0.952811087685 -2.740300913
-0.161177702462 0.0306252537036 0.635220542938 -0.233511381356 0.267097583151 0.475811880115
-0.0338806369336 -0.314359534432 -7.9473984723 -0.0338806369336 -0.314359534432 -7.9473984723
-0.351400523898 -0.0980977396358 0.555751016634 -0.274934619745 0.386262412289 0.893092392098
0.013633358878 -0.523807336571 1.57571473256 0.140972481772 -0.331850565239 1.37301972464
0.42784123043 -0.62748765608 -2.27887072866 0.42784123043 -0.62748765608 -2.27887072866
0.0641473560509 -0.0889847969789 -1.22462685748 0.0641473560509 -0.0889847969789 -1.22462685748
-0.10574342742 0.130305267158 1.40056417636 0.125212283214 -0.0244725745199 1.53240036193
-0.548826787774 0.126589457746 1.0487872034 -0.478129690886 0.0886137465454 1.06436597822
-0.149599698673 0.025316144915 0.986528932697 -0.157053370079 0.2576277547 1.05051081333
-1.23696674169 0.367923401106 5.86233272298 -1.23696674169 0.367923401106 5.86233272298
-0.349264956879 0.790792200271 0.519493913868 -0.243347769105 0.72504838553 0.378468169893
0.186922096317 0.36164392807 -0.330449202957 0.40590007915 0.260775243717 -0.430466099579
-0.11548140788 -0.0384281523233 0.326141352876 -0.416607979294 0.0448140359325 0.698709498166
0.463506745058 -0.299311087533 0.631226971317 0.463506745058 -0.299311087533 0.631226971317
0.314253359885 -0.121237320568 3.97599248909 0.314253359885 -0.121237320568 3.97599248909
0.110796982277 0.642812243685 0.75176895101 -0.0020047337299 0.481949875938 0.518902245036
-1.52652013027 -1.89310329868 -0.921756973369 -1.52652013027 -1.89310329868 -0.921756973369
-0.298069267018 0.0993424765322 -0.846506475147 -0.477650132522 0.0555915732037 -0.677811116524
-0.414317248304 -0.094787235116 0.218818887713 -0.473153058738 0.0151302098041 -0.0229563410515
0.256885678454 -0.24401007305 1.84428026512 0.472664626023 -0.313316523077 1.86195007311
0.0878752727164 -1.30405010254 2.26685990999 -0.218994652882 -0.853490391583 2.39651432559
-1.52368989626 -0.963300548479 4.43356064595 -1.52368989626 -0.963300548479 4.43356064595
-0.0420048480338 -0.168395842879 0.767037117575 -0.341734262633 0.0310006289044 1.18487854137
-0.132380604115 0.349374798386 0.290012664387 -0.167677344846 0.156378360279 0.0553037660198
0.131235543808 2.10631666862 2.3995327877 0.131235543808 2.10631666862 2.3995327877
1.32167704729 -1.15503935269 1.99381828869 1.32167704729 -1.15503935269 1.99381828869
-0.179933644283 0.639494828034 -1.63273889101 0.0437500766953 0.594162030069 -1.74217855091
-0.356859137736 0.111696867483 0.899084655466 -0.465267008189 -0.164171086071 1.02671888532
0.212007572987 0.380033698355 -7.78418081816 0.212007572987 0.380033698355 -7.78418081816
-0.235308372919 0.390090079509 0.924236156653 -0.190945264849 0.310118992773 0.957611605733
-0.124248635211 0.37286570977 4.01040128388 -0.124248635211 0.37286570977 4.01040128388
0.230505601551 0.111761561709 -0.846532439145 0.281535118688 -0.173489110661 -1.09868201214
0.0437500766953 0.594162030069 -1.74217855091 0.28162825479 0.840974004123 -1.31809909046
0.517434817912 0.239376799549 5.90220146905 0.517434817912 0.239376799549 5.90220146905
-0.407578518969 -0.6405880784 2.14732930083 -0.407578518969 -0.6405880784 2.14732930083
-0.480633796941 1.03865681108 -0.312577117345 -0.480633796941 1.03865681108 -0.312577117345
-0.0875300335812 0.376770977387 -1.06035312772 -0.0875300335812 0.376770977387 -1.06035312772
0.169424862204 -0.196675742073 -2.69061172115 0.169424862204 -0.196675742073 -2.69061172115
-0.133690421309 0.00741345164534 -0.0140568451438 -0.420827067166 -0.128517658229 -0.0176600505865
0.00231041637657 1.25877720405 -1.59662304402 0.125588668539 0.954637250404 -1.31825566316
0.274885032082 1.00716939871 -1.24430684638 0.0757483865301 0.97591363495 -1.20209193529
-0.0627194415465 0.109202728708 0.857500199909 -0.150081256328 0.112813287361 0.862324117376
0.140972481772 -0.331850565239 1.37301972464 -0.0380371524469 -0.209642020222 1.56466820232
-0.093370498921 0.137739199171 -0.471579113271 0.141926523579 0.462543558158 -0.616213785096
0.706197208955 -1.24142511991 -0.405891874184 0.461731574251 -1.16922705556 -0.402255245259
0.52579843424 0.247622027911 1.5258275409 0.52579843424 0.247622027911 1.5258275409
1.69928301803 -1.41144738902 -3.92526349942 1.69928301803 -1.41144738902 -3.92526349942
-0.730581222712 0.0307705751961 0.35204404843 -1.4118573493 0.339266431124 0.449142907557
-1.4796795237 -0.66381584032 2.41659720342 -1.4796795237 -0.66381584032 2.41659720342
-0.725335102601 0.294853985895 -6.37146091293 -0.725335102601 0.294853985895 -6.37146091293
1.68924616766 -1.91133363964 -3.41506335829 1.68924616766 -1.91133363964 -3.41506335829
0.134259741761 -0.889116588041 1.11737538012 0.170530730369 -0.940914654766 1.32490277753
-0.239168882809 0.259351414511 0.1633379248 -0.0239309480577 0.346257454142 0.401728666253
0.0308348586776 -1.34222065566 1.03415507208 0.0308348586776 -1.34222065566 1.03415507208
-0.362198954474 0.798550435325 -5.91268766373 -0.362198954474 0.798550435325 -5.91268766373
-0.178557922362 -0.160883794087 2.48915232189 0.301218949855 -0.188221256577 2.40025413105
0.0431323787356 0.357777390764 0.157541122983 -0.201321915505 0.537894746568 -0.589897492469
-0.826049365959 -0.215438432224 0.869790293009 -0.826049365959 -0.215438432224 0.869790293009
-0.245267866167 0.296463595139 8.07717106425 -0.245267866167 0.296463595139 8.07717106425
1.36532988934 -0.329610226861 -1.53182644993 1.15791042809 -0.392694966646 -1.41445581732
-0.762882787675 -0.0864422725741 0.70846142046 -0.762882787675 -0.0864422725741 0.70846142046
0.143220139056 -0.362656168762 0.142110305145 -0.122965843791 -0.574728095654 0.650118407151
0.3959412653 -0.241763681499 -0.627162441515 0.3959412653 -0.241763681499 -0.627162441515
0.30742909798 -0.103287288706 1.98362559731 0.302049606742 -0.15529647959 1.59390717392
-0.622961600733 1.69290489897 -2.34603546543 -0.622961600733 1.69290489897 -2.34603546543
0.230528896817 -0.0138704855991 -2.04858834026 0.208848917877 -0.236137376775 -1.98799667553
-0.328866227558 0.554822522838 -3.28371883469 -0.328866227558 0.554822522838 -3.28371883469
-1.33455847609 -0.102580701799 1.61230629255 -1.33455847609 -0.102580701799 1.61230629255
0.179468028115 -0.208411914898 1.89308025723 0.30742909798 -0.103287288706 1.98362559731
-0.150081256328 0.112813287361 0.862324117376 -0.129688882699 -0.00192440237663 0.853360122697
-0.364356479407 -0.220237126521 -0.207746597141 -0.409459903166 -0.254296310677 -0.135854245693
-0.243347769105 0.72504838553 0.378468169893 -0.0981254653632 0.562910042532 0.15823918174
-0.259380461905 0.399000701107 -2.0792879555 -0.0522785153789 0.0694305974611 -2.21986259622
0.0882698298753 -0.588581630222 -2.62365632253 0.0882698298753 -0.588581630222 -2.62365632253
0.060610595277 -0.566773268405 1.12046625054 0.129427490154 -0.520159828523 0.811441393862
-0.467931943143 0.230498313628 0.0874019847848 -0.0862713625686 0.850172414556 0.0138231879088
-0.27219961199 0.34690077477 0.900951252141 -0.349264956879 0.790792200271 0.519493913868
0.205602937112 0.383102954424 -1.94691619874 -0.179933644283 0.639494828034 -1.63273889101
-0.0239309480577 0.346257454142 0.401728666253 0.0625845840023 0.185865943277 -0.00677599921869
0.438765905641 -0.0753672042972 3.02284290785 0.337922388315 -0.00482468175545 3.17124853871
-0.498747435987 0.0417470279353 -2.37125849191 -0.498747435987 0.0417470279353 -2.37125849191
-0.0534199560813 1.57514081252 2.70401524411 -0.0534199560813 1.57514081252 2.70401524411
1.12431938207 1.76691443271 -5.30356659639 1.12431938207 1.76691443271 -5.30356659639
0.450747701028 0.12128499692 -3.97551407152 0.450747701028 0.12128499692 -3.97551407152
-1.69386694646 1.46465949511 -1.14668495267 -1.69386694646 1.46465949511 -1.14668495267
-0.259550542909 0.33696161718 -0.355795593019 -0.364356479407 -0.220237126521 -0.207746597141
0.194610496247 0.30454972532 0.144197129361 -0.132380604115 0.349374798386 0.290012664387
0.698663057828 -0.596766777894 1.86587590019 0.600591758849 -0.697290911398 1.74388892399
0.259361334365 -1.2798684097 7.57537388466 0.259361334365 -1.2798684097 7.57537388466
-0.165051928573 -0.296840844076 1.19457333529 -0.231636727652 -0.385084002993 1.33276759747
0.644276222832 0.926034045739 1.0102193867 0.562910954355 0.876071983955 1.20175454384
-0.249935304157 -0.935725925939 -1.85704698033 -0.551275482876 -0.946489033225 -1.79304385642
2.20265204744 3.81986722576e-05 -4.94199093156 2.20265204744 3.81986722576e-05 -4.94199093156
0.189491990873 0.163868340888 0.254263942996 0.194610496247 0.30454972532 0.144197129361
0.270900375557 0.137788405957 -2.60174381601 0.270900375557 0.137788405957 -2.60174381601
-1.5844980965 -1.36214378583 -2.61252806905 -1.5844980965 -1.36214378583 -2.61252806905
0.509357217425 0.902492873824 3.34058272169 0.509357217425 0.902492873824 3.34058272169
0.614134296264 0.226521786987 0.464577552193 0.0638384279586 0.432005300514 0.200540763245
-0.886994724088 1.4260778224 3.9459325554 -0.886994724088 1.4260778224 3.9459325554
-1.54714203158 -0.580249534326 2.16028582565 -1.54714203158 -0.580249534326 2.16028582565
-0.392553825728 0.664434933075 0.415676005391 -0.239168882809 0.259351414511 0.1633379248
-0.646254451746 0.236824066341 6.64785684309 -0.669429017802 0.105924917335 6.59138094925
0.728107406794 -0.474395832267 0.629620944747 0.683268101194 -0.501786031076 0.535933920661
-1.39687396617 -1.24287180226 -0.532330184083 -1.39687396617 -1.24287180226 -0.532330184083
-0.551275482876 -0.946489033225 -1.79304385642 -0.249935304157 -0.935725925939 -1.85704698033
0.268391350172 0.214991227429 0.649390630786 -0.0845084335924 0.186561491629 0.119175314223
0.433098709867 1.08774970778 4.79238272015 0.433098709867 1.08774970778 4.79238272015
0.0111841799451 0.0910140123685 0.426098405264 0.168472413841 0.16750023898 0.117506778864
0.662433528325 0.548706494556 -9.63326095295 0.662433528325 0.548706494556 -9.63326095295
1.15791042809 -0.392694966646 -1.41445581732 1.36532988934 -0.329610226861 -1.53182644993
0.24813558835 -0.326068186426 3.0524026411 0.24813558835 -0.326068186426 3.0524026411
0.220977355941 -0.901330047932 -5.93894253654 0.220977355941 -0.901330047932 -5.93894253654
0.0993810599738 0.197706510111 1.15929885571 0.335056725681 0.161500497581 0.811358183935
-0.00482222308328 -0.514757054349 1.03319080634 -0.0564744616191 -0.535732005246 1.43415892769
1.05006170496 -0.617296856397 -3.56477720216 1.05006170496 -0.617296856397 -3.56477720216
-0.400581424447 0.385195034605 -0.0926454804222 -0.400581424447 0.385195034605 -0.0926454804222
-0.0380371524469 -0.209642020222 1.56466820232 0.0917115297256 -0.216923841109 1.29657798441
0.119306541983 -0.138515773341 1.14844663445 0.315349051533 0.113370428792 0.782112086256
-0.617939803972 1.08191028366 -3.05296028176 -0.617939803972 1.08191028366 -3.05296028176
-0.03835224715 0.198940417947 0.282130319655 -0.608076492777 0.338888556887 0.169241160551
-0.478274544417 -0.110263822369 -0.572401409017 -0.276056147613 -0.348586353285 -0.828579002797
0.413311037424 0.0588583064496 0.544863176567 -0.0804837418802 0.077959330683 0.822971649544
0.170530730369 -0.940914654766 1.32490277753 0.060610595277 -0.566773268405 1.12046625054
0.289866449078 0.823880190868 -1.15022671768 0.172460951462 0.910503007552 -0.87115936817
-0.470507822769 0.116048778622 0.393610431204 -0.470507822769 0.116048778622 0.393610431204
-0.218994652882 -0.853490391583 2.39651432559 0.0878752727164 -1.30405010254 2.26685990999
0.335056725681 0.161500497581 0.811358183935 0.474303719282 0.0533501031515 0.86438537111
-1.32060260299 -1.18744342194 2.43983315871 -1.32060260299 -1.18744342194 2.43983315871
-0.992381325004 -0.892429174091 1.74820638119 -0.992381325004 -0.892429174091 1.74820638119
0.00329483101629 -0.242536463062 1.13223283321 -0.129271363598 -0.34150077341 1.08249672127
-2.98079911603 -0.0549607663269 0.64085114731 -2.98079911603 -0.0549607663269 0.64085114731
-0.627415059296 -0.259135578459 0.209947986168 -0.154626732722 -0.430885377497 0.702716510384
0.172460951462 0.910503007552 -0.87115936817 -0.296648555711 0.751854099984 -0.631752950446
-0.658981517282 0.556407906219 0.0838032320823 -0.658981517282 0.556407906219 0.0838032320823
1.20724993209 0.168141185468 6.21612340339 1.20724993209 0.168141185468 6.21612340339
-0.201014900543 -0.132100226668 3.81845644063 -0.203660047701 -0.0273065016654 3.48897946708
-0.0942193996566 1.64277391902 -1.00955000059 -0.0942193996566 1.64277391902 -1.00955000059
-2.30744325518 -0.24776908256 -1.54928779106 -2.30744325518 -0.24776908256 -1.54928779106
-0.586004902574 -0.369815708304 -0.288805271894 -0.586004902574 -0.369815708304 -0.288805271894
-0.187758971539 -0.0377459925363 3.48177383451 -0.187758971539 -0.0377459925363 3.48177383451
0.125588668539 0.954637250404 -1.31825566316 0.289866449078 0.823880190868 -1.15022671768
-0.176934690673 -0.393323057333 -0.255556843544 -0.0165523408961 -0.411411309653 -0.27051182478
-0.25336401939 -0.905376091106 -0.588709815291 -0.209253252174 -0.69878833602 -0.705603259622
-1.90747388938 -0.046942480632 7.39499028293 -1.90747388938 -0.046942480632 7.39499028293
-0.129688882699 -0.00192440237663 0.853360122697 0.151475049799 -0.321435513223 0.814219967331
0.125212283214 -0.0244725745199 1.53240036193 -0.27219961199 0.34690077477 0.900951252141
0.220018645466 0.598337572487 -0.307907670177 0.445787474207 0.23489712392 -0.488591951777
0.817355478794 -0.0267292895242 0.856692515005 0.622212039259 -0.361473362482 0.938706532545
-0.697219509936 -1.12653336625 0.180186934079 -0.697219509936 -1.12653336625 0.180186934079
-0.0324040703037 0.559330189261 -3.80447314005 -0.0324040703037 0.559330189261 -3.80447314005
-0.928838519498 -0.751687479116 5.30333913642 -0.928838519498 -0.751687479116 5.30333913642
0.499981104071 -0.503963392681 -1.48174125127 0.643214354315 -0.12101093495 -1.42566439066
-0.848286684732 -0.328255642614 -0.909135498367 -0.848286684732 -0.328255642614 -0.909135498367
-0.0588203572626 0.604882273594 3.35279022591 -0.00380977171764 0.723589158099 3.39541364374
1.26947417934 0.585569186926 -1.25648392295 1.26947417934 0.585569186926 -1.25648392295
0.120384227545 -0.10105626128 0.673007129567 0.314765444333 -0.346641539523 0.850058725818
0.218481573103 -0.44483924863 0.04821423459 0.218481573103 -0.44483924863 0.04821423459
1.84487160402 -1.07604832099 2.89838182099 1.84487160402 -1.07604832099 2.89838182099
-0.681272755938 -1.08251863581 0.497710759385 -0.681272755938 -1.08251863581 0.497710759385
0.592038544897 0.0741843012031 0.722954449927 0.614134296264 0.226521786987 0.464577552193
-0.0165059640843 -0.897399106499 4.71362650594 -0.0165059640843 -0.897399106499 4.71362650594
0.229858894442 0.891220523783 -2.71117763947 0.229858894442 0.891220523783 -2.71117763947
0.249644971883 -0.366395556314 3.55529733013 -0.201014900543 -0.132100226668 3.81845644063
-0.46101129434 0.0405624655005 1.16066910129 -0.10574342742 0.130305267158 1.40056417636
-0.0804837418802 0.077959330683 0.822971649544 0.00329483101629 -0.242536463062 1.13223283321
1.75175968499 -1.35174484955 0.514657984762 1.75175968499 -1.35174484955 0.514657984762
-1.45242567487 -0.849262682771 -0.851803059503 -1.45242567487 -0.849262682771 -0.851803059503
0.0625845840023 0.185865943277 -0.00677599921869 0.196878570646 0.0848307509731 0.101762384842
-1.46951881135 -1.50836162401 -3.66221990137 -1.46951881135 -1.50836162401 -3.66221990137
0.831610663917 -0.666416807461 -4.32722652258 0.831610663917 -0.666416807461 -4.32722652258
-0.0515427054659 0.105615961172 7.35861274239 -0.0515427054659 0.105615961172 7.35861274239
0.223486125462 0.379049198191 -0.409540964686 0.220018645466 0.598337572487 -0.307907670177
-0.274934619745 0.386262412289 0.893092392098 0.109175529474 -0.00335603746183 0.929597655482
0.0481382980267 1.44822075981 0.393259031738 0.0481382980267 1.44822075981 0.393259031738
0.670391556488 -1.72228782069 -1.05949911011 0.670391556488 -1.72228782069 -1.05949911011
-0.577048611867 -0.0232782918636 9.4716833488 -0.577048611867 -0.0232782918636 9.4716833488
0.643214354315 -0.12101093495 -1.42566439066 1.15757902276 0.0842057454043 -1.31396872225
1.66608505943 0.0894327844505 3.18335180317 1.66608505943 0.0894327844505 3.18335180317
0.543863439838 0.765178323195 -0.611959772008 0.543863439838 0.765178323195 -0.611959772008
0.095378024346 0.0576071152276 -0.512080327268 0.186922096317 0.36164392807 -0.330449202957
0.331371663032 -0.178406030503 0.325291774128 0.0111841799451 0.0910140123685 0.426098405264
-0.204230499463 -0.191940342634 1.05838166918 0.0257250027016 -0.0120207589617 1.12308096519
1.80789352113 0.799347839433 -4.57552897762 1.80789352113 0.799347839433 -4.57552897762
0.132950831508 -0.250429038912 -6.70775246434 0.132950831508 -0.250429038912 -6.70775246434
0.261551626084 1.89120040117 3.4936192359 0.261551626084 1.89120040117 3.4936192359
0.315349051533 0.113370428792 0.782112086256 0.0365013080128 0.0788403530606 0.662756022342
-0.473153058738 0.0151302098041 -0.0229563410515 -0.402656594405 -0.0861759137334 0.0807740064037
0.551140825057 -1.39905040152 2.93166073326 0.551140825057 -1.39905040152 2.93166073326
1.12244822597 -0.14688280264 6.70182591075 1.12244822597 -0.14688280264 6.70182591075
1.21680290073 0.859955553534 -1.18430877206 1.21680290073 0.859955553534 -1.18430877206
-0.231636727652 -0.385084002993 1.33276759747 0.013633358878 -0.523807336571 1.57571473256
1.59575647407 0.123343778829 -5.4233536435 1.59575647407 0.123343778829 -5.4233536435
0.4379973376 -0.113241241396 -0.170845883003 0.0181229460615 -0.314292409559 -0.102114038428
1.76302831551 1.43853705076 4.59624567096 1.76302831551 1.43853705076 4.59624567096
-0.522373119061 -0.516957902726 2.3519962198 -0.522373119061 -0.516957902726 2.3519962198
0.0622624730253 -0.267769519394 -0.851153821116 -0.0909165250388 -0.116905432476 -1.07109960316
-0.558492887361 0.832233974379 -9.33395016305 -0.558492887361 0.832233974379 -9.33395016305
0.249271791725 0.0702533917834 -0.91346872006 0.704119907075 -0.231172449877 -0.752978694193
-0.691774305077 0.015726639693 0.162980913066 -0.467931943143 0.230498313628 0.0874019847848
1.18403555875 -0.582901506108 2.33216902857 1.18403555875 -0.582901506108 2.33216902857
-0.754036876247 -1.00920670791 -0.237119385221 -0.754036876247 -1.00920670791 -0.237119385221
1.23403230112 -0.154229674238 -2.06733416871 1.23403230112 -0.154229674238 -2.06733416871
-0.301005691525 -0.24895331693 -0.149727667028 0.143220139056 -0.362656168762 0.142110305145
-0.00380977171764 0.723589158099 3.39541364374 -0.0588203572626 0.604882273594 3.35279022591
1.14412389902 -0.387839372135 -3.7881909604 1.14412389902 -0.387839372135 -3.7881909604
-0.37468646023 -0.309528013604 1.00413056318 -0.217538316478 0.0753659037939 1.10649828841
0.302049606742 -0.15529647959 1.59390717392 0.253427918246 -0.0656345282474 1.38824770453
