-2.90874159662 -0.279518908441 -0.970486087617 -2.90874159662 -0.279518908441 -0.970486087617
2.56266636296 -1.7005226215 -3.06893074476 2.56266636296 -1.7005226215 -3.06893074476
1.09511436937 -2.16375042683 1.28866779149 1.09511436937 -2.16375042683 1.28866779149
-3.9474923561 0.496135450107 -1.39961071944 -3.4238973131 0.324258831588 -1.54966375006
0.86156030034 1.65544499953 0.684286203047 0.86156030034 1.65544499953 0.684286203047
-0.0671552943871 0.777290429805 0.14187883336 0.00292007720134 0.992355630359 0.107283378796
0.519794689747 -0.402505557499 2.09617487938 0.519794689747 -0.402505557499 2.09617487938
0.610888535111 0.421845470112 1.45368416337 -0.0518606542658 0.548187273495 0.835876464689
0.639358722277 -2.35318938044 1.68412264873 0.639358722277 -2.35318938044 1.68412264873
1.32760888494 -0.476374382294 -0.0691435579972 1.29073111538 -0.0660095374629 0.172679229691
-0.913519169658 0.90964120037 -0.394201521707 -1.5734120149 0.955045918398 -0.660251112489
-1.0230841597 0.85064572665 -0.558035644823 -0.593104222484 0.647884391712 -0.913806513644
-0.445570724156 0.80958660035 0.775005602936 -0.445570724156 0.80958660035 0.775005602936
-0.00231424190235 -1.80950951334 -0.847433378405 -0.00231424190235 -1.80950951334 -0.847433378405
1.29073111538 -0.0660095374629 0.172679229691 0.362175945288 -0.673041762347 0.232534324342
-0.637359450011 0.823004366876 -0.0471254515515 -1.40773569551 0.08707854782 0.317063571297
1.56119467699 0.458705889963 -0.243362075228 1.56119467699 0.458705889963 -0.243362075228
-1.81516456164 -2.24978579199 1.50210961312 -1.81516456164 -2.24978579199 1.50210961312
0.362175945288 -0.673041762347 0.232534324342 0.82561631967 -0.103992627574 -0.161436319294
1.15076902234 -2.04083074247 -0.705909619126 1.43028967371 -1.76471501219 -0.664495871092
2.46425764364 -1.8618947561 4.1637072383 2.46425764364 -1.8618947561 4.1637072383
0.32918495569 -0.101259770259 -2.06581088661 0.32918495569 -0.101259770259 -2.06581088661
-1.51058553372 2.17496745054 2.32167944149 -1.51058553372 2.17496745054 2.32167944149
-0.225552620115 1.28123053515 -2.64396860657 -0.225552620115 1.28123053515 -2.64396860657
-1.96375118157 1.14376349139 -1.78654293102 -2.04449461933 0.0830347679696 -0.538765940387
-1.86393856972 0.891911955133 -0.584957062935 -1.86393856972 0.891911955133 -0.584957062935
-1.40773569551 0.08707854782 0.317063571297 0.22000023543 0.0313714918714 1.49550702106
-3.4238973131 0.324258831588 -1.54966375006 -3.9474923561 0.496135450107 -1.39961071944
0.22000023543 0.0313714918714 1.49550702106 0.748633117097 0.223207177573 1.32885296819
2.73570804009 3.82787497092 -1.49818074768 2.73570804009 3.82787497092 -1.49818074768
-1.70197119549 0.727025953117 0.457404981289 -1.70197119549 0.727025953117 0.457404981289
-1.72645059702 0.412782450824 -0.612602680971 -1.72645059702 0.412782450824 -0.612602680971
0.604369165774 0.0723076681955 1.57125550851 -0.0671552943871 0.777290429805 0.14187883336
1.43028967371 -1.76471501219 -0.664495871092 1.15076902234 -2.04083074247 -0.705909619126
-0.0240019639573 0.15634420131 -0.123423649993 0.786221326346 -0.371236209885 -0.110024267875
-1.39565149156 1.13755874113 -0.295382312951 -0.913519169658 0.90964120037 -0.394201521707
-0.769102918707 1.03863479228 -1.48092793952 -1.26439687518 1.12948387624 -0.750790508854
0.82561631967 -0.103992627574 -0.161436319294 0.531674184783 0.541074238732 -0.177521369676
-0.593104222484 0.647884391712 -0.913806513644 -1.0230841597 0.85064572665 -0.558035644823
-0.752583043072 -0.498058445265 -0.727609805913 -1.07849730807 0.0157305000962 -1.58674957787
-1.07849730807 0.0157305000962 -1.58674957787 -0.847916867362 0.99899359882 -1.95948583552
-0.847916867362 0.99899359882 -1.95948583552 -0.769102918707 1.03863479228 -1.48092793952
-1.5734120149 0.955045918398 -0.660251112489 -1.39565149156 1.13755874113 -0.295382312951
-2.04449461933 0.0830347679696 -0.538765940387 -2.42795149595 0.454653593865 -0.377687072109
1.30263433105 -0.979289330565 1.38552934529 1.30263433105 -0.979289330565 1.38552934529
-0.813139947392 -1.20699238574 0.522686748116 -0.813139947392 -1.20699238574 0.522686748116
-1.26439687518 1.12948387624 -0.750790508854 -1.23122358153 -0.0502074689532 0.220575847698
1.23407415927 0.111976787318 -0.94328087825 1.23407415927 0.111976787318 -0.94328087825
-0.662823083491 -0.557061974603 0.287898300102 -0.662823083491 -0.557061974603 0.287898300102
0.694423102627 0.792601901326 -0.00630573977235 0.694423102627 0.792601901326 -0.00630573977235
0.368022694498 0.528665145583 1.26161867197 0.368022694498 0.528665145583 1.26161867197
0.786221326346 -0.371236209885 -0.110024267875 1.32760888494 -0.476374382294 -0.0691435579972
-0.0518606542658 0.548187273495 0.835876464689 0.461512244029 0.780049171723 0.987494826217
0.46162199711 -1.13956739222 -0.97408536461 0.46162199711 -1.13956739222 -0.97408536461
2.33132342552 -0.707400002135 -0.523510231525 2.33132342552 -0.707400002135 -0.523510231525
0.00292007720134 0.992355630359 0.107283378796 -0.637359450011 0.823004366876 -0.0471254515515
0.748633117097 0.223207177573 1.32885296819 0.610888535111 0.421845470112 1.45368416337
0.461512244029 0.780049171723 0.987494826217 0.604369165774 0.0723076681955 1.57125550851
-1.23122358153 -0.0502074689532 0.220575847698 -0.752583043072 -0.498058445265 -0.727609805913
-2.42795149595 0.454653593865 -0.377687072109 -1.96375118157 1.14376349139 -1.78654293102
0.531674184783 0.541074238732 -0.177521369676 -0.0240019639573 0.15634420131 -0.123423649993
-2.44496011213 -0.0483417783169 2.64922965346 -2.44496011213 -0.0483417783169 2.64922965346
2.43301048339 -0.492321349285 1.54308244947 2.43301048339 -0.492321349285 1.54308244947
-0.997366003807 3.29481267739 -3.62669391003 -0.997366003807 3.29481267739 -3.62669391003
