6.24039882296 0.29369799764 -2.66189868536 6.24039882296 0.29369799764 -2.66189868536
2.85511266387 -0.0455719364291 -1.19445357825 2.85511266387 -0.0455719364291 -1.19445357825
2.47353944005 -1.11083275295 0.992871637305 2.47353944005 -1.11083275295 0.992871637305
-4.7986644063 2.48676737926 0.144313550476 -4.7986644063 2.48676737926 0.144313550476
-1.73852393653 0.0847204911531 -0.713423659881 -1.73852393653 0.0847204911531 -0.713423659881
1.20918364451 -0.322229327463 -0.356362658561 1.41421948061 -0.729517492066 -0.558207127772
-1.86334391306 -0.949769355605 -0.337662188242 -1.8739039142 -0.645073689551 -0.216196067313
0.47589692715 2.15067326919 -5.72223893828 0.47589692715 2.15067326919 -5.72223893828
1.16547618655 -3.97080057781 3.76153397844 1.16547618655 -3.97080057781 3.76153397844
-4.34007447577 1.91069023957 -1.51810482929 -4.34007447577 1.91069023957 -1.51810482929
-0.544585113619 0.396280177371 -0.25743925503 -0.782932758373 0.296637566609 -0.31957814359
-2.43315243397 -2.60012151802 0.769465804501 -2.72397759148 -2.65838429275 1.2724100199
-1.8739039142 -0.645073689551 -0.216196067313 -1.86334391306 -0.949769355605 -0.337662188242
-0.5047149462 -0.35855478315 0.151447518516 -0.0544196428315 -0.57965555748 0.738585392183
-0.0493984230294 0.459961374745 0.144238579164 0.396392932702 0.753184798 0.280584177471
-0.519165703252 -1.33560637909 -0.62527310343 -0.485297731288 -1.13888327368 -0.564549616116
0.0876226135262 1.87356922349 1.24570259534 0.0876226135262 1.87356922349 1.24570259534
-0.323497608272 0.401093471581 -0.751545779368 -0.605345811827 0.27079326474 -0.360922875952
0.801543996183 0.482601649086 -2.62328358199 0.801543996183 0.482601649086 -2.62328358199
0.371273708515 3.28658164974 4.6183173401 0.371273708515 3.28658164974 4.6183173401
0.839141769342 0.231877069135 -0.52211703806 0.480896365807 0.252782192617 -0.740222865711
0.800062164002 0.166129328005 -1.02181469188 1.04465503279 0.33151053138 -0.513630419228
-0.315115411458 1.41956856416 0.291370905699 -0.289048756202 1.29579750634 0.265708607614
0.115384767862 -0.690997493183 0.371470372996 0.121713772891 -1.04547679797 0.522180232067
-3.92405900876 -0.584975943269 -1.09424149766 -3.92405900876 -0.584975943269 -1.09424149766
-1.39274722258 1.22177232582 -1.54297308912 -1.36782437153 1.5681872909 -1.49539752009
1.92754252931 2.55850740663 -0.291144997879 1.63107388832 2.79290445629 -0.446234610475
-1.18249322976 1.23220592245 1.58630359982 -1.29697736296 0.666146138262 1.58708899096
3.65455249268 3.1557539349 4.23862848725 3.65455249268 3.1557539349 4.23862848725
2.24114494893 -0.37325596796 0.191722967969 2.24114494893 -0.37325596796 0.191722967969
-1.51192852517 -3.4083646922 0.753001247994 -1.51192852517 -3.4083646922 0.753001247994
-1.29697736296 0.666146138262 1.58708899096 -1.18249322976 1.23220592245 1.58630359982
0.71377875445 -0.533004385283 -0.349811396932 0.678646957392 -0.410958213394 -0.423129850618
-0.506950698442 -0.429696680117 -0.0732480313912 -0.896873399486 -0.87458406831 0.302059385529
0.278378863527 1.15841362441 -0.865609085326 0.278378863527 1.15841362441 -0.865609085326
-0.449799570678 2.15246660285 3.63695440675 -0.449799570678 2.15246660285 3.63695440675
5.22824827821 1.94736825402 0.271512414077 5.22824827821 1.94736825402 0.271512414077
-0.787240034686 -0.0973439923817 -0.0355060182762 -0.506950698442 -0.429696680117 -0.0732480313912
-0.298800478508 0.403168610409 0.474583736548 -0.38388884446 0.378277410113 0.868186769111
-3.25655189575 0.615204440636 -0.209192133255 -3.25655189575 0.615204440636 -0.209192133255
-0.984057511746 -2.10987922204 0.278575402504 -0.984057511746 -2.10987922204 0.278575402504
-0.363582721902 -1.11110620848 -0.114277058785 -0.311856986953 -1.10510977489 -0.106849195283
2.9530303191 -0.405765812053 -3.58306267599 2.9530303191 -0.405765812053 -3.58306267599
1.29029641594 -3.65566783927 -1.4248395587 1.29029641594 -3.65566783927 -1.4248395587
-0.559831192263 5.48574427475 0.0573372558693 -0.559831192263 5.48574427475 0.0573372558693
0.363936519665 5.40990514035 1.44659734394 0.363936519665 5.40990514035 1.44659734394
-0.448900588171 0.274851383113 0.609504188947 -0.168486329793 0.532570042492 0.536965914924
2.86913721106 1.54526182856 -0.0225936040461 2.86913721106 1.54526182856 -0.0225936040461
3.71092624957 4.11755842635 -5.0161796147 3.71092624957 4.11755842635 -5.0161796147
0.677532388541 -0.650448057314 4.50432051958 0.677532388541 -0.650448057314 4.50432051958
4.19947918398 -0.895177117166 0.135465375964 4.19947918398 -0.895177117166 0.135465375964
2.98468629658 -1.46074123979 0.291991779033 2.98468629658 -1.46074123979 0.291991779033
5.71034015488 0.473662186719 0.260595660128 5.71034015488 0.473662186719 0.260595660128
1.97724573863 1.4402679234 1.04665226364 1.97724573863 1.4402679234 1.04665226364
3.84566841577 0.0291887527395 -0.344686143094 3.84566841577 0.0291887527395 -0.344686143094
-1.06110772671 0.755289581741 0.636577999855 -1.06110772671 0.755289581741 0.636577999855
0.843143022304 1.75097144138 -0.117982498124 0.843143022304 1.75097144138 -0.117982498124
1.06400339834 4.14251959116 -0.595681887449 1.06400339834 4.14251959116 -0.595681887449
4.39767729491 -3.65514969695 1.24779004261 4.39767729491 -3.65514969695 1.24779004261
0.454345379424 -0.0215584266347 -0.710271866918 0.535884341479 0.14521430309 -0.821559486744
5.72776919482 2.5446355093 0.431041054224 5.81917214144 2.53850562011 0.0759521368652
3.19581731026 1.4107430315 3.15313431789 3.19581731026 1.4107430315 3.15313431789
-0.836765310532 4.67357025355 6.95712180745 -0.836765310532 4.67357025355 6.95712180745
-3.33567320624 -7.68122055724 1.93007266729 -3.33567320624 -7.68122055724 1.93007266729
-1.00655380726 -2.50550682462 -0.624673615675 -1.00655380726 -2.50550682462 -0.624673615675
-0.187398779508 -1.09418140481 2.79129624416 -0.187398779508 -1.09418140481 2.79129624416
-0.297087852276 -1.28839266335 0.506730155613 -0.297087852276 -1.28839266335 0.506730155613
0.00386859087662 4.83286288173 0.963707438126 0.00386859087662 4.83286288173 0.963707438126
-0.470934365527 0.500774848006 0.284983088414 -1.03313647121 0.555830797602 0.239547824512
0.225193257217 -0.274502416251 -1.40421010069 0.454345379424 -0.0215584266347 -0.710271866918
-1.564360173 -3.73647853781 -0.468962251196 -1.564360173 -3.73647853781 -0.468962251196
-1.49759283855 1.21735108382 -0.303229261253 -1.48585219989 1.49195937296 -0.795919121917
0.410568659792 -2.91239109459 -2.22443257479 0.631519872249 -2.61731020706 -2.1727985737
-0.613120696497 -0.697735332818 -0.942079388429 -0.215690912255 -1.08940264061 -0.604743116522
0.121713772891 -1.04547679797 0.522180232067 0.0940224342082 -0.166586850023 0.541085407691
-1.83750967516 -0.654522016028 1.82517362866 -1.83750967516 -0.654522016028 1.82517362866
-0.649510704636 0.361134593997 -0.317540542534 -0.65699608214 0.39092620027 -0.380337026434
-0.215690912255 -1.08940264061 -0.604743116522 -0.463279542768 -0.381597110492 -0.320775834222
0.95268872123 -0.00595576199488 2.36011691632 0.95268872123 -0.00595576199488 2.36011691632
-0.374872758266 0.316304102802 -0.226047238209 -0.906042898746 0.358189891988 -0.274756707095
-0.493490605673 -0.832761208391 0.211159539403 -0.712174346219 -0.240806588159 -0.0779188105381
0.244937838919 1.05688794529 0.125666768346 0.310260741143 1.09678891635 -0.0621800464438
4.83459026877 0.137275354068 0.203938637112 4.83459026877 0.137275354068 0.203938637112
0.492654112362 0.379113077513 0.870370861607 0.517592712542 -0.379614668476 0.73853167775
-2.54222047447 0.419140652894 5.57946879899 -2.54222047447 0.419140652894 5.57946879899
-4.92603064025 -2.69677613823 -1.15997600806 -4.92603064025 -2.69677613823 -1.15997600806
-0.819384473406 3.05069939577 -1.97247959003 -0.819384473406 3.05069939577 -1.97247959003
-1.93169417495 1.16485320028 0.63613613184 -1.71945925548 1.43809732063 0.763749397763
-1.84199634531 -0.596625253123 1.6475899471 -1.84199634531 -0.596625253123 1.6475899471
0.569049949925 -2.83142157201 0.767943927301 0.569049949925 -2.83142157201 0.767943927301
-1.08750881687 -3.23937264527 3.78638252145 -1.08750881687 -3.23937264527 3.78638252145
-0.326802455458 -1.02784435133 2.78880290388 -0.326802455458 -1.02784435133 2.78880290388
-1.7874209206 0.796906169837 -1.61133943366 -1.89048390722 0.849014130682 -1.11891737844
-0.644705481376 0.759992559759 -3.42916575716 -0.644705481376 0.759992559759 -3.42916575716
4.79350983138 2.71890140673 -0.912729944247 4.79350983138 2.71890140673 -0.912729944247
-1.6952620042 -1.45837027623 3.11300121269 -1.49214740134 -1.128057459 3.08128950364
1.35948525562 0.951381523891 0.263063761763 1.09482637077 0.863853818835 0.429506022107
0.817479792828 -1.93258649323 -0.272196997068 0.824950993957 -1.86093706879 -0.654043093822
0.249291390624 0.914885339421 -0.128876599939 0.244937838919 1.05688794529 0.125666768346
0.595370090872 0.259662909402 5.14390621572 0.595370090872 0.259662909402 5.14390621572
-0.383235440341 1.86802075401 -0.557925431433 -0.234798061215 1.12224916657 -0.397406721948
0.983161255877 0.109049230551 0.464567050726 0.983161255877 0.109049230551 0.464567050726
0.114665392362 0.388669392668 0.0712926983441 -0.0493984230294 0.459961374745 0.144238579164
2.87231719713 1.42056009844 4.1250251181 2.87231719713 1.42056009844 4.1250251181
0.0494141113927 6.0652013886 -0.534737889669 0.0494141113927 6.0652013886 -0.534737889669
-0.453451656999 -1.12884928509 2.38176484837 -0.254433405091 -1.04991878227 2.58085754815
0.879957871552 0.957591178477 -1.3632306233 0.879957871552 0.957591178477 -1.3632306233
0.411296940788 2.0829569845 4.04357556116 0.411296940788 2.0829569845 4.04357556116
-5.89466829742 -0.186677635747 -0.954312101567 -5.89466829742 -0.186677635747 -0.954312101567
2.93875956077 0.572538814673 0.911199159786 2.93875956077 0.572538814673 0.911199159786
0.41674508699 3.13023441732 -1.87710819307 0.0288732395334 3.01035118362 -1.6802652012
2.40647015111 -1.03262016292 0.134415326217 2.40647015111 -1.03262016292 0.134415326217
1.06115717373 -1.24453184925 -0.561961006443 1.06115717373 -1.24453184925 -0.561961006443
3.88296980942 -1.30129188994 -0.00579490177999 3.88296980942 -1.30129188994 -0.00579490177999
1.60517367446 0.306052365198 -4.56289385974 1.60517367446 0.306052365198 -4.56289385974
0.0409761022322 -1.83029226022 -3.28330664896 0.0409761022322 -1.83029226022 -3.28330664896
-3.78308788785 0.0887986569556 -6.98206582144 -3.78308788785 0.0887986569556 -6.98206582144
-1.48585219989 1.49195937296 -0.795919121917 -0.881142986416 1.29725982411 -0.378631572354
-0.636738146538 -0.0176926862533 0.0627838079815 -0.649510704636 0.361134593997 -0.317540542534
2.13151122304 1.93253647529 -1.76800611113 2.13151122304 1.93253647529 -1.76800611113
1.75768258063 -6.06171412855 -1.58079146952 1.75768258063 -6.06171412855 -1.58079146952
1.03189111166 0.121061229595 -0.775082249913 0.595979129737 0.434603011099 -0.866801328806
0.245825165923 0.116747790623 0.576561139065 0.356255831023 0.217298166916 -0.14102935803
0.878229432275 0.32262823311 -0.340008923172 0.839141769342 0.231877069135 -0.52211703806
1.77006646253 -2.4988629576 -1.27872496825 1.77006646253 -2.4988629576 -1.27872496825
-0.25144378005 -5.43185201874 -2.51258203397 -0.25144378005 -5.43185201874 -2.51258203397
-0.0544196428315 -0.57965555748 0.738585392183 -0.426392599739 -0.273306204622 0.728054487312
0.131920776163 -0.335937936269 0.144763785334 0.115384767862 -0.690997493183 0.371470372996
-3.87819873279 0.288714519954 2.58744811196 -3.87819873279 0.288714519954 2.58744811196
-3.08312432437 -1.16316601744 -1.14547600291 -3.08312432437 -1.16316601744 -1.14547600291
4.08822139418 -6.70283098782 -2.83846760805 4.08822139418 -6.70283098782 -2.83846760805
1.68963132547 -1.3528686936 -2.41908513739 1.68963132547 -1.3528686936 -2.41908513739
0.824950993957 -1.86093706879 -0.654043093822 0.817479792828 -1.93258649323 -0.272196997068
-0.415336864473 -2.50678496776 0.369143492957 -0.415336864473 -2.50678496776 0.369143492957
-0.840249331863 0.891784300518 -1.97147814722 -0.840249331863 0.891784300518 -1.97147814722
2.74879578183 7.04365508744 -1.60867085272 2.74879578183 7.04365508744 -1.60867085272
1.06144921487 1.56242908722 -0.652869593826 0.987017896095 1.18344661308 -0.915686742488
0.662594348382 -0.54781283276 0.556996933404 0.445214707553 -0.16574311387 0.197435286919
2.11380262389 -1.32540670235 5.33270442243 2.11380262389 -1.32540670235 5.33270442243
0.467890516197 0.404757987482 0.249056029876 0.114665392362 0.388669392668 0.0712926983441
4.55389660617 -3.35817019551 -3.27239190902 4.55389660617 -3.35817019551 -3.27239190902
0.499458408208 1.48925718556 4.17768427063 0.499458408208 1.48925718556 4.17768427063
-3.48279899005 -2.90320222193 -0.890214991454 -3.19513534348 -3.02650452365 -0.958144560466
0.842649422142 -0.117535890694 0.411113666057 0.864453537565 -0.376995457853 0.0690007686662
0.823698658778 0.548782394119 -0.851976400048 0.823698658778 0.548782394119 -0.851976400048
-1.42579827734 -4.54709789899 -0.576760337468 -1.42579827734 -4.54709789899 -0.576760337468
0.370858777402 -1.06840240744 -1.32378018443 0.370858777402 -1.06840240744 -1.32378018443
-3.3796598606 2.34838718921 -3.25622881968 -3.3796598606 2.34838718921 -3.25622881968
0.241146889354 -6.02614335389 4.80754965605 0.241146889354 -6.02614335389 4.80754965605
1.38314820277 1.88986422963 -0.989654237127 1.36990738166 1.70880749641 -1.17554198226
-1.68688666213 0.979432047683 1.71618351934 -1.68688666213 0.979432047683 1.71618351934
-2.52213360194 -1.88396105804 -1.56936778666 -2.52213360194 -1.88396105804 -1.56936778666
-0.463279542768 -0.381597110492 -0.320775834222 -0.578434182309 -0.387457056736 -0.247580525173
0.160161914346 1.52752674049 0.246870394472 0.160161914346 1.52752674049 0.246870394472
5.20235543022 -1.43628888797 2.44269049791 5.20235543022 -1.43628888797 2.44269049791
-0.45533078112 0.886343910831 -1.41036082224 -0.45533078112 0.886343910831 -1.41036082224
-2.22630659622 5.02322118712 0.19521261303 -2.22630659622 5.02322118712 0.19521261303
0.608472824315 0.377839433063 -0.517139857219 0.249291390624 0.914885339421 -0.128876599939
-3.60892696782 5.43762781835 1.55934101785 -3.60892696782 5.43762781835 1.55934101785
-0.416462530663 1.88050801235 1.46487784008 -0.416462530663 1.88050801235 1.46487784008
-4.53434028412 0.75281372835 0.534451249 -4.53434028412 0.75281372835 0.534451249
1.41843601848 2.05317014039 2.93077417304 1.41843601848 2.05317014039 2.93077417304
-0.695443431326 1.57293464646 0.158520354745 -0.573318151547 1.34179268725 -0.447904813551
0.480896365807 0.252782192617 -0.740222865711 -0.543745143205 -0.039042786947 -0.938329849379
0.212337190774 2.60269637805 -1.49186179579 0.212337190774 2.60269637805 -1.49186179579
-2.01223361569 1.40159085754 0.880296674046 -2.01223361569 1.40159085754 0.880296674046
-2.35558113423 -0.452065770441 0.628921650491 -2.05417945802 -0.224055994571 0.467921959132
1.24650722236 -1.07851844854 -1.9688822678 0.576674204969 -0.714365671443 -1.61175345957
0.0191575333441 -0.149277976458 1.03006576675 -0.470934365527 0.500774848006 0.284983088414
-2.00490155823 2.06438304842 -1.0515823162 -2.00490155823 2.06438304842 -1.0515823162
1.27040598727 1.40925390287 -1.22430312029 1.07143593585 1.83058681386 -0.612721337848
-0.403030402678 -0.591931299541 -1.02825260307 -0.165891685236 -0.539003608484 -1.14631208343
0.693194421315 1.88783891957 0.103151920144 0.693194421315 1.88783891957 0.103151920144
-0.766342505993 2.1390903585 -3.06866392097 -1.14648745108 2.43750775937 -2.73001367497
8.02255746505 2.62395790957 1.98329879381 8.02255746505 2.62395790957 1.98329879381
1.64355975612 1.06778932148 2.43847053784 1.39857018634 0.866963360007 2.40239296958
0.556573152291 1.76329004418 -0.175825653963 0.556573152291 1.76329004418 -0.175825653963
-0.692459401972 -1.00834801325 0.0602943884703 -0.363582721902 -1.11110620848 -0.114277058785
-0.342084944264 0.233704534674 0.377784836018 0.0656727291855 0.620522280489 0.391301698136
-1.49771672905 -1.7784298757 -0.387489130581 -1.49771672905 -1.7784298757 -0.387489130581
4.5976933621 -3.23725521912 0.31363132865 4.5976933621 -3.23725521912 0.31363132865
0.836262896318 1.96811154126 -1.26861143986 0.836262896318 1.96811154126 -1.26861143986
0.576674204969 -0.714365671443 -1.61175345957 1.24650722236 -1.07851844854 -1.9688822678
3.35053088947 -1.86233156035 -2.48533380917 3.35053088947 -1.86233156035 -2.48533380917
-0.578434182309 -0.387457056736 -0.247580525173 -0.692459401972 -1.00834801325 0.0602943884703
2.65616825563 0.155340914383 0.391606347172 2.65616825563 0.155340914383 0.391606347172
-1.49214740134 -1.128057459 3.08128950364 -1.6952620042 -1.45837027623 3.11300121269
4.15163307009 -5.87739469818 0.558976926283 4.15163307009 -5.87739469818 0.558976926283
-0.47559792496 -0.786437467456 -2.09265815348 -0.797344008321 -0.90594359549 -2.23711110797
-2.27813475219 3.34408796172 -4.3874215386 -2.27813475219 3.34408796172 -4.3874215386
-1.90176750278 -1.81389787874 1.5385593233 -1.90176750278 -1.81389787874 1.5385593233
2.46100551594 1.91798661279 -3.19112249784 2.46100551594 1.91798661279 -3.19112249784
0.0194082788162 0.135569324704 0.174770701766 -0.0911515045226 -0.178340317098 -0.689285637954
-0.573318151547 1.34179268725 -0.447904813551 -0.383235440341 1.86802075401 -0.557925431433
-3.94988911816 2.38983767015 2.66445185932 -3.94988911816 2.38983767015 2.66445185932
-1.31082209408 0.72590121416 -4.19751194472 -1.31082209408 0.72590121416 -4.19751194472
-0.423847431504 -0.744512788789 -3.01913356996 -0.423847431504 -0.744512788789 -3.01913356996
0.631591622224 -3.25409406695 -2.306388045 0.631591622224 -3.25409406695 -2.306388045
1.74666276898 0.30947544569 1.37645179264 1.74666276898 0.30947544569 1.37645179264
0.276397982069 -2.99262716489 6.22285927415 0.276397982069 -2.99262716489 6.22285927415
-3.19513534348 -3.02650452365 -0.958144560466 -3.48279899005 -2.90320222193 -0.890214991454
2.62607538205 1.59390118317 2.20602009307 2.62607538205 1.59390118317 2.20602009307
1.58418379038 -2.49673555546 1.04672752204 1.58418379038 -2.49673555546 1.04672752204
1.46191923745 0.0398292191793 1.66965206442 1.46191923745 0.0398292191793 1.66965206442
-0.605345811827 0.27079326474 -0.360922875952 -0.544585113619 0.396280177371 -0.25743925503
-4.44547438579 0.798707092302 -0.32675569889 -4.44547438579 0.798707092302 -0.32675569889
0.0944255829466 0.257018126809 0.458758244996 0.347783222946 -0.15427608502 0.200568513537
-2.06670997787 0.475677324561 3.84355122606 -2.06670997787 0.475677324561 3.84355122606
0.796251603992 -0.699107199939 -1.24199119227 0.601816586409 -0.691934278832 -1.19777540392
-1.76773899176 0.425420924195 -2.31710112869 -1.76773899176 0.425420924195 -2.31710112869
0.262071630937 0.0493598217974 1.01874769367 0.245825165923 0.116747790623 0.576561139065
-1.89830877997 -1.67088339718 0.263586229061 -1.89830877997 -1.67088339718 0.263586229061
-0.542303472151 -0.952463249387 -0.69791088174 -0.519165703252 -1.33560637909 -0.62527310343
-1.99073891477 1.6617418131 0.471867193568 -1.95265728844 2.08994236686 0.709235136697
1.36761768217 -1.37807815895 1.34840048227 1.23766324918 -1.62224551912 0.927621380206
0.356255831023 0.217298166916 -0.14102935803 0.178416847377 0.439729975897 -0.103110751377
0.525348466515 -0.0576228443771 0.979582647731 0.525348466515 -0.0576228443771 0.979582647731
-0.908537889007 -0.277998749978 1.08680281352 -0.908537889007 -0.277998749978 1.08680281352
-2.70842266484 2.45093513722 -2.66246877121 -2.70842266484 2.45093513722 -2.66246877121
2.7752554763 -2.02641918855 3.48784295042 2.7752554763 -2.02641918855 3.48784295042
-3.30478070896 3.62030237038 3.72706499447 -3.30478070896 3.62030237038 3.72706499447
-3.56480758334 -4.30151051467 -0.00638670710541 -3.56480758334 -4.30151051467 -0.00638670710541
-2.20488439773 0.398800522465 0.221179622139 -2.20488439773 0.398800522465 0.221179622139
-0.425584154286 0.226581300861 -0.512199523957 -0.691265842015 -0.0992452639136 -0.902862272718
1.68721586897 -1.87305310587 1.24394406136 1.68721586897 -1.87305310587 1.24394406136
-8.9772569014 -1.26526016117 -0.270484600162 -8.9772569014 -1.26526016117 -0.270484600162
0.0646515787292 -0.29680778122 0.603579459964 0.6897219953 -0.141348345872 0.722159434949
0.1324693225 -3.89606417791 0.0280889600276 0.1324693225 -3.89606417791 0.0280889600276
3.06897134427 -1.34666291528 0.966120490416 3.06897134427 -1.34666291528 0.966120490416
1.63107388832 2.79290445629 -0.446234610475 1.92754252931 2.55850740663 -0.291144997879
2.88373777259 -0.245903844547 3.44459716792 2.88373777259 -0.245903844547 3.44459716792
2.77693837171 -0.172931006277 -4.29388079549 2.77693837171 -0.172931006277 -4.29388079549
-1.36782437153 1.5681872909 -1.49539752009 -1.39274722258 1.22177232582 -1.54297308912
2.97781453499 -0.288500114768 -1.07507882361 2.97781453499 -0.288500114768 -1.07507882361
-0.881142986416 1.29725982411 -0.378631572354 -1.49759283855 1.21735108382 -0.303229261253
0.243254273974 1.11918266967 -0.338730935549 1.10104545992 1.24243210052 -1.27497406307
0.491294160903 -0.141918028979 -1.56646123761 0.225193257217 -0.274502416251 -1.40421010069
-3.66504447823 2.92855220068 0.829700035873 -3.66504447823 2.92855220068 0.829700035873
7.76704714731 -1.84806297843 3.61293211301 7.76704714731 -1.84806297843 3.61293211301
1.84312642586 -3.78425557274 -0.252210865774 1.84312642586 -3.78425557274 -0.252210865774
0.864453537565 -0.376995457853 0.0690007686662 0.842649422142 -0.117535890694 0.411113666057
0.383251529705 -1.81754887606 1.03191619048 0.193254499119 -2.15313355832 0.22170319773
-0.312029810951 2.22609361068 3.90412545517 -0.312029810951 2.22609361068 3.90412545517
0.267555186845 0.797767534517 0.0624458813528 0.542202421786 0.501468473978 -0.312760851717
1.78088918204 -0.351585441689 2.58878957025 1.78088918204 -0.351585441689 2.58878957025
-5.35785930579 1.84956484756 -3.85761463959 -5.35785930579 1.84956484756 -3.85761463959
-0.782932758373 0.296637566609 -0.31957814359 -0.636738146538 -0.0176926862533 0.0627838079815
-0.217671435519 2.16688052111 -0.441586222475 -0.217671435519 2.16688052111 -0.441586222475
2.86517633849 -3.51704315867 2.85517381648 2.86517633849 -3.51704315867 2.85517381648
-4.63608149241 -1.27310827999 -0.673961481594 -4.63608149241 -1.27310827999 -0.673961481594
5.01517945163 1.23007798067 1.56960327967 5.01517945163 1.23007798067 1.56960327967
0.958870355569 1.41471690914 1.63263270341 0.958870355569 1.41471690914 1.63263270341
0.542202421786 0.501468473978 -0.312760851717 0.637833994751 0.611579220728 0.10241774437
1.38987652866 -2.13682325779 0.270426916335 1.38987652866 -2.13682325779 0.270426916335
0.310058571089 3.74338746407 -0.514662813961 0.310058571089 3.74338746407 -0.514662813961
1.3602356512 -1.36090602265 0.387516353377 1.3602356512 -1.36090602265 0.387516353377
-0.049809869965 0.0580395061605 0.289731319967 -0.049809869965 0.0580395061605 0.289731319967
1.07143593585 1.83058681386 -0.612721337848 1.4525945787 1.61361123175 -1.10638190673
-0.347281340434 0.415551910543 3.46884583443 -0.347281340434 0.415551910543 3.46884583443
-0.330696186614 -2.22572160307 2.40354649104 -0.686977662836 -2.213272813 2.55698565382
-0.241946792001 -0.841638724622 3.97946728548 -0.241946792001 -0.841638724622 3.97946728548
2.84135347392 -1.40867428782 -4.06413292513 2.84135347392 -1.40867428782 -4.06413292513
-0.136399305367 -1.15805759524 1.07873560497 -0.136399305367 -1.15805759524 1.07873560497
1.59280417668 0.435641751736 -5.04168962628 1.59280417668 0.435641751736 -5.04168962628
1.78729628182 3.08893631591 -0.162165197749 1.78729628182 3.08893631591 -0.162165197749
3.61649564417 0.78547354794 -0.00266015418099 3.61649564417 0.78547354794 -0.00266015418099
1.42608327998 3.5319484337 -2.08747510881 1.42608327998 3.5319484337 -2.08747510881
1.76940498585 -5.63979064091 -0.629987120957 1.76940498585 -5.63979064091 -0.629987120957
-3.84879538348 1.02363338768 1.45088137394 -3.84879538348 1.02363338768 1.45088137394
0.019380684811 2.19034600601 -5.14030643497 0.019380684811 2.19034600601 -5.14030643497
1.66844604793 2.76024838366 1.67565742821 1.66844604793 2.76024838366 1.67565742821
-0.364141994913 -2.07985257215 2.00952549258 -0.364141994913 -2.07985257215 2.00952549258
0.838810990339 2.27309288459 -1.76208225969 0.838810990339 2.27309288459 -1.76208225969
-0.785052573471 -0.25061857793 -0.675531663608 -0.787240034686 -0.0973439923817 -0.0355060182762
-1.83782659973 -2.36827241948 -0.645458331134 -1.83782659973 -2.36827241948 -0.645458331134
-1.71945925548 1.43809732063 0.763749397763 -1.99073891477 1.6617418131 0.471867193568
-0.813089286298 0.583533761024 -0.921521429975 0.276003558874 0.244720485339 -0.352390845298
4.90492629354 -5.13373661179 -1.32467550815 4.90492629354 -5.13373661179 -1.32467550815
1.72170387194 0.889178467514 -2.39860413001 1.72170387194 0.889178467514 -2.39860413001
0.310260741143 1.09678891635 -0.0621800464438 -0.0247880099183 0.131330360563 -0.0877568669507
-0.048957046237 0.750986184434 0.0809588673411 -0.813089286298 0.583533761024 -0.921521429975
-0.825544256153 1.69829001752 -0.719759075507 -0.825544256153 1.69829001752 -0.719759075507
3.11720591669 -3.76273254058 -1.67927539714 3.11720591669 -3.76273254058 -1.67927539714
0.276003558874 0.244720485339 -0.352390845298 0.608472824315 0.377839433063 -0.517139857219
0.440405893945 -3.99111634062 -0.535207730043 0.440405893945 -3.99111634062 -0.535207730043
-0.69777592709 -1.59067500718 -0.261218288153 -0.69777592709 -1.59067500718 -0.261218288153
-0.530256446307 -1.49737179415 -0.943495366612 -0.403030402678 -0.591931299541 -1.02825260307
-0.680079861962 -0.569910938411 2.78879748354 -0.680079861962 -0.569910938411 2.78879748354
0.717084502481 0.682175092501 0.576289258115 0.467890516197 0.404757987482 0.249056029876
-1.12182109892 2.23138996624 -0.760934248739 -1.12182109892 2.23138996624 -0.760934248739
0.631519872249 -2.61731020706 -2.1727985737 0.772981474377 -2.96785159464 -2.10289068948
4.49830156971 0.129276834709 -1.99704031446 4.49830156971 0.129276834709 -1.99704031446
-2.07297224148 1.11903834053 -1.13565163185 -1.7874209206 0.796906169837 -1.61133943366
-1.14648745108 2.43750775937 -2.73001367497 -0.766342505993 2.1390903585 -3.06866392097
-0.65699608214 0.39092620027 -0.380337026434 -0.720189512612 0.0826010606049 -0.482647415105
-0.797344008321 -0.90594359549 -2.23711110797 -0.47559792496 -0.786437467456 -2.09265815348
1.7689483821 -1.18327316876 -0.0360361525707 1.27699331466 -1.03244709384 -0.0523906629944
-0.18259973182 3.57359210882 -0.668409519794 -0.18259973182 3.57359210882 -0.668409519794
0.66190884078 -0.849598911874 -1.93427325553 0.66190884078 -0.849598911874 -1.93427325553
5.41304888977 -0.674194339708 -5.27439106904 5.41304888977 -0.674194339708 -5.27439106904
2.94192152447 -2.21000751566 0.833573206104 2.94192152447 -2.21000751566 0.833573206104
-0.499761370765 -0.832555436034 -0.705317794992 -0.420879612263 -0.445728733607 -0.4594325882
-0.168486329793 0.532570042492 0.536965914924 0.131920776163 -0.335937936269 0.144763785334
-1.48071128201 3.29588855341 2.60685335524 -1.48071128201 3.29588855341 2.60685335524
-0.38388884446 0.378277410113 0.868186769111 -0.342084944264 0.233704534674 0.377784836018
-3.68574889162 0.551199993042 6.69566287067 -3.68574889162 0.551199993042 6.69566287067
-4.36462842553 -0.89684110632 -3.44935776701 -4.36462842553 -0.89684110632 -3.44935776701
0.0940224342082 -0.166586850023 0.541085407691 0.0646515787292 -0.29680778122 0.603579459964
0.274197228587 2.62833223057 -1.97138406937 0.274197228587 2.62833223057 -1.97138406937
-0.712174346219 -0.240806588159 -0.0779188105381 -1.15006841172 -0.00508737282571 0.158298390432
-3.60186289422 -2.60882428919 1.88239133575 -3.60186289422 -2.60882428919 1.88239133575
-1.03454489951 0.840951504811 5.29231769235 -1.03454489951 0.840951504811 5.29231769235
1.41421948061 -0.729517492066 -0.558207127772 1.20918364451 -0.322229327463 -0.356362658561
0.419069191405 0.0642577744941 0.851043808918 0.419069191405 0.0642577744941 0.851043808918
1.75740286545 2.23157657649 -0.427777033258 1.75740286545 2.23157657649 -0.427777033258
-3.74786226924 -3.84584484256 4.26285115596 -3.74786226924 -3.84584484256 4.26285115596
0.41959055768 -0.9365306572 -3.89126294267 0.41959055768 -0.9365306572 -3.89126294267
1.10104545992 1.24243210052 -1.27497406307 0.800062164002 0.166129328005 -1.02181469188
0.535884341479 0.14521430309 -0.821559486744 0.878229432275 0.32262823311 -0.340008923172
-0.255928464098 0.733994660059 -2.42724887025 -0.255928464098 0.733994660059 -2.42724887025
-2.69426723849 4.02662877239 -6.07100022557 -2.69426723849 4.02662877239 -6.07100022557
0.746581255805 -0.207954866584 -1.01531331918 0.491294160903 -0.141918028979 -1.56646123761
-3.95991055872 -1.73554079447 -6.43405946576 -3.95991055872 -1.73554079447 -6.43405946576
-1.4882480037 -0.612382007118 2.69792759501 -1.4882480037 -0.612382007118 2.69792759501
1.41164286637 2.00292281727 -1.54325745694 1.41164286637 2.00292281727 -1.54325745694
-2.69435535393 3.7525386335 1.68309974627 -2.69435535393 3.7525386335 1.68309974627
-1.15006841172 -0.00508737282571 0.158298390432 -0.785052573471 -0.25061857793 -0.675531663608
3.34776230555 1.71265679391 -0.374611184475 3.34776230555 1.71265679391 -0.374611184475
-3.99452528769 0.119800077168 -1.74380578219 -3.99452528769 0.119800077168 -1.74380578219
-1.48279754463 0.282231538618 -0.00854343518655 -1.48279754463 0.282231538618 -0.00854343518655
-1.95265728844 2.08994236686 0.709235136697 -1.43715223202 2.28228555267 0.372510354563
-2.02676310622 4.24247743132 -0.0765390773968 -2.02676310622 4.24247743132 -0.0765390773968
4.28588514619 1.41255649499 0.430766370566 4.28588514619 1.41255649499 0.430766370566
-0.582395349534 0.329626681828 0.401811906733 -0.448900588171 0.274851383113 0.609504188947
-3.50406129205 3.02438022863 2.1306518867 -3.50406129205 3.02438022863 2.1306518867
-0.614427110381 -4.81551302892 2.92449765251 -0.614427110381 -4.81551302892 2.92449765251
0.363033813077 0.684742938743 0.464089728066 -0.048957046237 0.750986184434 0.0809588673411
-2.91326113633 -3.54298070759 0.185687467764 -2.91326113633 -3.54298070759 0.185687467764
1.80817416673 3.69233202173 1.28458107559 1.80817416673 3.69233202173 1.28458107559
2.04372183869 -3.47394581605 -2.82348662126 2.04372183869 -3.47394581605 -2.82348662126
-0.426392599739 -0.273306204622 0.728054487312 -0.298800478508 0.403168610409 0.474583736548
2.01925459437 -0.421497003062 2.75109191276 2.01925459437 -0.421497003062 2.75109191276
0.704850001922 0.532603143335 2.35542495852 0.704850001922 0.532603143335 2.35542495852
-0.312545174522 2.48403795068 0.660610517246 -0.312545174522 2.48403795068 0.660610517246
3.42382702801 -1.64981513695 1.91646108036 3.42382702801 -1.64981513695 1.91646108036
-2.16926664254 -2.2817852073 -0.804189825367 -2.16926664254 -2.2817852073 -0.804189825367
-1.84138421455 0.978514356763 2.12859215607 -1.84138421455 0.978514356763 2.12859215607
0.987017896095 1.18344661308 -0.915686742488 1.06144921487 1.56242908722 -0.652869593826
0.222488608443 1.50201422448 -1.35962635389 0.222488608443 1.50201422448 -1.35962635389
-0.169380223429 1.17998277868 2.07409720495 -0.169380223429 1.17998277868 2.07409720495
0.442505454343 -3.08139951806 1.07507990653 0.442505454343 -3.08139951806 1.07507990653
1.37686563096 3.20355515453 -1.35319590831 0.890562587846 3.12593710157 -1.12286920052
-3.17901330967 -1.67181613595 -2.19683238045 -3.17901330967 -1.67181613595 -2.19683238045
0.927039756526 1.84544742475 1.36766459503 0.927039756526 1.84544742475 1.36766459503
-0.254433405091 -1.04991878227 2.58085754815 -0.453451656999 -1.12884928509 2.38176484837
2.02948256156 -3.86315770901 3.36446978716 2.02948256156 -3.86315770901 3.36446978716
-2.61933103791 2.18674420926 -1.68565495955 -2.61933103791 2.18674420926 -1.68565495955
0.155990543256 -1.32185596374 -0.841450813613 0.132579363465 -1.3360507618 -0.596574765494
-3.24406406932 -1.82462910162 -0.343729102482 -3.24406406932 -1.82462910162 -0.343729102482
1.51354330821 1.9579187776 -1.3064201623 1.27040598727 1.40925390287 -1.22430312029
-2.32668740109 1.6725294426 -0.726615783474 -2.32668740109 1.6725294426 -0.726615783474
0.0288732395334 3.01035118362 -1.6802652012 0.41674508699 3.13023441732 -1.87710819307
-0.98153464923 -1.13689883941 -0.523150994052 -0.98153464923 -1.13689883941 -0.523150994052
0.6897219953 -0.141348345872 0.722159434949 0.0944255829466 0.257018126809 0.458758244996
0.987514812489 2.20731736507 -0.469710064816 0.987514812489 2.20731736507 -0.469710064816
-0.896873399486 -0.87458406831 0.302059385529 -0.499761370765 -0.832555436034 -0.705317794992
3.75007101195 1.29028544577 -1.03819850435 3.75007101195 1.29028544577 -1.03819850435
-3.74478869212 -0.432965528629 2.38114589988 -3.74478869212 -0.432965528629 2.38114589988
-1.05097457405 2.3012515136 0.658940234253 -1.05097457405 2.3012515136 0.658940234253
-0.691265842015 -0.0992452639136 -0.902862272718 -0.613120696497 -0.697735332818 -0.942079388429
0.862659877235 -1.54266304743 -0.6428896991 0.862659877235 -1.54266304743 -0.6428896991
3.9539842304 4.40662649281 -2.25878305676 3.9539842304 4.40662649281 -2.25878305676
0.193254499119 -2.15313355832 0.22170319773 0.074230676604 -2.36462862487 0.542532603326
-2.72397759148 -2.65838429275 1.2724100199 -2.43315243397 -2.60012151802 0.769465804501
1.07732806275 -3.67822562093 2.04057561856 1.07732806275 -3.67822562093 2.04057561856
-1.25014618541 -0.888840408699 -3.80531940209 -1.25014618541 -0.888840408699 -3.80531940209
4.38056509983 5.00670804644 -1.27741273479 4.38056509983 5.00670804644 -1.27741273479
-2.36235405907 0.114276413015 -1.58202560635 -2.36235405907 0.114276413015 -1.58202560635
4.97558877561 2.31233374823 0.944712282919 4.97558877561 2.31233374823 0.944712282919
-0.653632723856 -6.92263392059 -2.77770050892 -0.653632723856 -6.92263392059 -2.77770050892
5.81917214144 2.53850562011 0.0759521368652 5.72776919482 2.5446355093 0.431041054224
0.168472707813 0.0787051730617 -0.255800018237 -0.323497608272 0.401093471581 -0.751545779368
-2.10994683676 -0.23766031899 -1.03694966042 -2.10994683676 -0.23766031899 -1.03694966042
-1.87527958339 2.39984571469 1.97480203736 -1.87527958339 2.39984571469 1.97480203736
-0.543745143205 -0.039042786947 -0.938329849379 -0.493490605673 -0.832761208391 0.211159539403
-1.93875118017 -0.747673831807 -0.633428880595 -1.93875118017 -0.747673831807 -0.633428880595
1.99901816011 3.50432768267 -0.992040653108 1.99901816011 3.50432768267 -0.992040653108
-0.420879612263 -0.445728733607 -0.4594325882 -0.00253821254977 0.0620761667857 0.117167862
1.2608370121 -0.799590185537 -1.99830602739 1.2608370121 -0.799590185537 -1.99830602739
-1.53326703725 2.77401736778 1.25193942439 -1.53326703725 2.77401736778 1.25193942439
0.637833994751 0.611579220728 0.10241774437 0.717084502481 0.682175092501 0.576289258115
-0.804412514661 0.967275791461 -2.36314910269 -0.804412514661 0.967275791461 -2.36314910269
-0.165891685236 -0.539003608484 -1.14631208343 0.168472707813 0.0787051730617 -0.255800018237
0.6069315633 -0.928456814441 0.0798089627813 0.662594348382 -0.54781283276 0.556996933404
-3.33457553679 2.00959740006 3.55653975931 -3.33457553679 2.00959740006 3.55653975931
2.84418765069 3.26864510565 -2.30237765545 2.84418765069 3.26864510565 -2.30237765545
-1.93967122546 0.386099235291 -3.22937888275 -1.93967122546 0.386099235291 -3.22937888275
0.178416847377 0.439729975897 -0.103110751377 0.243254273974 1.11918266967 -0.338730935549
-1.41033002111 -1.04063225175 -0.296104577544 -1.41033002111 -1.04063225175 -0.296104577544
-2.42838663434 2.56629667546 3.99484049151 -2.42838663434 2.56629667546 3.99484049151
0.622461853521 -2.41792966732 4.95320744656 0.622461853521 -2.41792966732 4.95320744656
1.09698493639 -1.10619681787 -0.193450260916 1.09698493639 -1.10619681787 -0.193450260916
0.595979129737 0.434603011099 -0.866801328806 0.746581255805 -0.207954866584 -1.01531331918
-3.24694699448 1.1432676587 -0.0987946900362 -3.24694699448 1.1432676587 -0.0987946900362
2.50648747507 2.96320786033 0.722454461726 2.50648747507 2.96320786033 0.722454461726
-1.03313647121 0.555830797602 0.239547824512 -1.10468379221 0.594010934149 0.245405935752
1.95680597292 -3.083507582 -0.717234118752 1.95680597292 -3.083507582 -0.717234118752
-0.484774439756 0.903211436775 -0.819961617473 -0.484774439756 0.903211436775 -0.819961617473
1.36990738166 1.70880749641 -1.17554198226 1.51354330821 1.9579187776 -1.3064201623
-0.840685643962 -3.99281952527 6.64822689624 -0.840685643962 -3.99281952527 6.64822689624
1.39857018634 0.866963360007 2.40239296958 1.64355975612 1.06778932148 2.43847053784
0.771658648016 -3.59476831316 -2.22312017658 0.771658648016 -3.59476831316 -2.22312017658
2.95800350225 1.38544922124 1.44402447185 2.95800350225 1.38544922124 1.44402447185
-0.218052595995 2.28889016367 2.67265123794 -0.218052595995 2.28889016367 2.67265123794
1.27699331466 -1.03244709384 -0.0523906629944 1.7689483821 -1.18327316876 -0.0360361525707
0.890562587846 3.12593710157 -1.12286920052 1.37686563096 3.20355515453 -1.35319590831
-0.919593447731 -0.354598760295 -4.26008823908 -0.919593447731 -0.354598760295 -4.26008823908
0.810509438996 -2.80528306253 0.587119141702 0.810509438996 -2.80528306253 0.587119141702
0.772981474377 -2.96785159464 -2.10289068948 0.410568659792 -2.91239109459 -2.22443257479
1.23792895477 0.309302974252 0.155881793961 1.23792895477 0.309302974252 0.155881793961
-1.43715223202 2.28228555267 0.372510354563 -1.79455468396 1.78933027844 0.12710059025
4.0320079174 -4.32603713503 -1.14643826528 4.0320079174 -4.32603713503 -1.14643826528
1.6037699328 1.36532036227 -4.99752873788 1.6037699328 1.36532036227 -4.99752873788
-1.89048390722 0.849014130682 -1.11891737844 -2.07297224148 1.11903834053 -1.13565163185
0.517592712542 -0.379614668476 0.73853167775 0.262071630937 0.0493598217974 1.01874769367
2.03525039038 -1.37636250242 -0.356320365843 2.03525039038 -1.37636250242 -0.356320365843
0.347783222946 -0.15427608502 0.200568513537 0.0191575333441 -0.149277976458 1.03006576675
0.074230676604 -2.36462862487 0.542532603326 0.383251529705 -1.81754887606 1.03191619048
0.601816586409 -0.691934278832 -1.19777540392 0.326771557827 -0.934583491471 -0.753946873106
1.09482637077 0.863853818835 0.429506022107 1.35948525562 0.951381523891 0.263063761763
-1.35296284782 2.13189853404 4.6829629265 -1.35296284782 2.13189853404 4.6829629265
-2.11894829697 0.166001147919 1.49460355294 -2.11894829697 0.166001147919 1.49460355294
-0.289048756202 1.29579750634 0.265708607614 -0.473100206447 1.43475282138 0.0776289972267
-1.03703712014 0.71613252332 -0.415769987287 -0.582395349534 0.329626681828 0.401811906733
0.132579363465 -1.3360507618 -0.596574765494 0.155990543256 -1.32185596374 -0.841450813613
-1.95344524386 2.27821736971 -3.31046847562 -1.95344524386 2.27821736971 -3.31046847562
-0.234798061215 1.12224916657 -0.397406721948 -0.695443431326 1.57293464646 0.158520354745
2.66965360238 -2.49874949169 -3.10040077019 2.66965360238 -2.49874949169 -3.10040077019
0.326771557827 -0.934583491471 -0.753946873106 0.796251603992 -0.699107199939 -1.24199119227
2.68151898154 -1.51941837673 1.75596178755 2.68151898154 -1.51941837673 1.75596178755
1.23515102049 -3.07548372306 1.29368976655 1.23515102049 -3.07548372306 1.29368976655
-0.144060000746 -1.80632801268 -1.8780304722 -0.144060000746 -1.80632801268 -1.8780304722
-0.311856986953 -1.10510977489 -0.106849195283 0.6069315633 -0.928456814441 0.0798089627813
0.90650133417 1.35253035216 0.183761626648 0.90650133417 1.35253035216 0.183761626648
-0.272567538991 1.65694456764 0.102798253322 -0.272567538991 1.65694456764 0.102798253322
-0.703070629874 5.97770937036 -0.580824954293 -0.703070629874 5.97770937036 -0.580824954293
-3.13926959403 -1.17445851144 -2.30451395167 -3.13926959403 -1.17445851144 -2.30451395167
-0.473100206447 1.43475282138 0.0776289972267 -0.315115411458 1.41956856416 0.291370905699
0.678646957392 -0.410958213394 -0.423129850618 0.71377875445 -0.533004385283 -0.349811396932
1.8776223222 0.986224228272 2.0675816735 1.8776223222 0.986224228272 2.0675816735
2.09058765774 -1.99752984018 -1.88269972782 2.09058765774 -1.99752984018 -1.88269972782
0.502872746033 0.419972080062 -2.18527918008 0.502872746033 0.419972080062 -2.18527918008
-0.287631765713 -2.31487226082 0.652431852046 -0.287631765713 -2.31487226082 0.652431852046
-0.720189512612 0.0826010606049 -0.482647415105 -0.374872758266 0.316304102802 -0.226047238209
-0.0911515045226 -0.178340317098 -0.689285637954 -0.542303472151 -0.952463249387 -0.69791088174
-4.29931293644 -3.2832092946 2.21196462854 -4.29931293644 -3.2832092946 2.21196462854
-0.618327127668 0.870426556202 -1.96327093591 -0.618327127668 0.870426556202 -1.96327093591
-1.79455468396 1.78933027844 0.12710059025 -1.93169417495 1.16485320028 0.63613613184
-2.55629584586 1.97709139043 -0.855057211143 -2.55629584586 1.97709139043 -0.855057211143
3.21625480504 -0.719719021037 -2.78222215876 3.21625480504 -0.719719021037 -2.78222215876
1.23766324918 -1.62224551912 0.927621380206 1.36761768217 -1.37807815895 1.34840048227
3.07515118514 -2.39767196611 0.854218499099 3.07515118514 -2.39767196611 0.854218499099
2.88582621976 1.04594171331 0.547387188245 2.88582621976 1.04594171331 0.547387188245
1.24355087099 -1.92865358902 1.6766359762 1.24355087099 -1.92865358902 1.6766359762
0.663926132039 -2.29886406475 4.13799429849 0.663926132039 -2.29886406475 4.13799429849
-3.65698257782 -0.738235535316 -2.89678534493 -3.65698257782 -0.738235535316 -2.89678534493
-0.614743962811 -0.162213390924 0.24539906706 -0.614743962811 -0.162213390924 0.24539906706
-2.89430109225 3.46945704763 3.45587000152 -2.89430109225 3.46945704763 3.45587000152
3.20204136299 4.60149095391 0.341267184251 3.20204136299 4.60149095391 0.341267184251
-2.72586049851 -0.0754595897703 0.94039012505 -2.72586049851 -0.0754595897703 0.94039012505
-0.485297731288 -1.13888327368 -0.564549616116 -0.530256446307 -1.49737179415 -0.943495366612
1.66244426717 -0.887629758436 -1.22431031208 1.66244426717 -0.887629758436 -1.22431031208
-1.11539120753 0.179245972931 -3.76469687599 -1.11539120753 0.179245972931 -3.76469687599
-0.686977662836 -2.213272813 2.55698565382 -0.330696186614 -2.22572160307 2.40354649104
-2.33624813268 1.29941828347 -2.43585991236 -2.33624813268 1.29941828347 -2.43585991236
1.04465503279 0.33151053138 -0.513630419228 1.03189111166 0.121061229595 -0.775082249913
5.4833428154 2.60283473664 8.49221281094 5.4833428154 2.60283473664 8.49221281094
-0.00253821254977 0.0620761667857 0.117167862 0.0194082788162 0.135569324704 0.174770701766
-0.011221298254 4.02906058108 1.21268180265 -0.011221298254 4.02906058108 1.21268180265
0.786861088332 -2.77902884894 1.10482486178 0.786861088332 -2.77902884894 1.10482486178
-0.0861226473557 -2.37888203795 0.372716470562 -0.0861226473557 -2.37888203795 0.372716470562
0.0656727291855 0.620522280489 0.391301698136 0.363033813077 0.684742938743 0.464089728066
-1.10468379221 0.594010934149 0.245405935752 -1.03703712014 0.71613252332 -0.415769987287
-2.0049687611 -2.4676056614 -3.80258590298 -2.0049687611 -2.4676056614 -3.80258590298
1.75267619456 1.68798536531 -5.05332298665 1.75267619456 1.68798536531 -5.05332298665
1.19769431139 -0.109749339627 1.41022022752 1.19769431139 -0.109749339627 1.41022022752
-0.85221234649 3.91671215291 -3.53012511292 -0.85221234649 3.91671215291 -3.53012511292
4.38927178232 -4.243961036 1.17582681951 4.38927178232 -4.243961036 1.17582681951
0.445214707553 -0.16574311387 0.197435286919 0.492654112362 0.379113077513 0.870370861607
0.215799992544 1.01379257138 -1.24683201077 0.215799992544 1.01379257138 -1.24683201077
2.14885740079 -5.31949973925 3.10879157351 2.14885740079 -5.31949973925 3.10879157351
-0.226353538018 -2.8490878707 1.08922275743 -0.226353538018 -2.8490878707 1.08922275743
-2.54785895586 0.423393028903 1.79320887522 -2.54785895586 0.423393028903 1.79320887522
-1.67090240236 -3.295191628 2.13852602422 -1.67090240236 -3.295191628 2.13852602422
-0.0412714526593 -3.09036270517 0.642873109117 -0.0412714526593 -3.09036270517 0.642873109117
-4.62325279063 -3.11972693354 2.2851098773 -4.62325279063 -3.11972693354 2.2851098773
-3.11922696637 -0.0316603489984 -1.30192113689 -3.11922696637 -0.0316603489984 -1.30192113689
-0.906042898746 0.358189891988 -0.274756707095 -0.5047149462 -0.35855478315 0.151447518516
0.448415245572 0.00523002160142 -5.06295633058 0.448415245572 0.00523002160142 -5.06295633058
-0.0247880099183 0.131330360563 -0.0877568669507 -0.478616781513 0.275303472405 -0.128267443951
-1.47819043525 -1.88771839652 2.80229486156 -1.47819043525 -1.88771839652 2.80229486156
-0.478616781513 0.275303472405 -0.128267443951 -0.425584154286 0.226581300861 -0.512199523957
0.396392932702 0.753184798 0.280584177471 0.267555186845 0.797767534517 0.0624458813528
-1.55469228117 0.0762715198552 -2.61906687133 -1.55469228117 0.0762715198552 -2.61906687133
1.4525945787 1.61361123175 -1.10638190673 1.38314820277 1.88986422963 -0.989654237127
4.17021248683 -3.67236405906 -0.692444548237 4.17021248683 -3.67236405906 -0.692444548237
-0.923740420222 -1.07814629751 -4.01453381931 -0.923740420222 -1.07814629751 -4.01453381931
-0.4142306371 -1.3180927388 4.59992669125 -0.4142306371 -1.3180927388 4.59992669125
-2.05417945802 -0.224055994571 0.467921959132 -2.35558113423 -0.452065770441 0.628921650491
3.15480649521 -4.07781189432 2.4297764601 3.15480649521 -4.07781189432 2.4297764601
-0.0524490025485 -3.23275764505 2.84492204026 -0.0524490025485 -3.23275764505 2.84492204026
1.29642797169 -2.35205458704 3.93011573556 1.29642797169 -2.35205458704 3.93011573556
