-2.92455054715 5.75012364191 -3.46788089578 -2.92455054715 5.75012364191 -3.46788089578
-2.25566908327 2.13214400908 0.898571872557 -2.25566908327 2.13214400908 0.898571872557
2.08989739209 -2.6204857826 -2.48453393718 2.08989739209 -2.6204857826 -2.48453393718
-5.05029672621 -1.18017126435 -4.98615668617 -5.05029672621 -1.18017126435 -4.98615668617
-1.52135875172 -0.237262646381 -2.45699436219 -1.52135875172 -0.237262646381 -2.45699436219
-1.25815033552 -2.90247669348 -0.441055873557 -1.25815033552 -2.90247669348 -0.441055873557
-1.49069276958 -1.03491272591 -3.35921119658 -1.49069276958 -1.03491272591 -3.35921119658
-4.5572806752 0.666922392819 -0.0298031284975 -4.5572806752 0.666922392819 -0.0298031284975
-2.50255067025 -1.34634662136 -5.992494161 -2.50255067025 -1.34634662136 -5.992494161
-2.306319775 -2.22297532231 1.63818924576 -2.306319775 -2.22297532231 1.63818924576
1.83855810354 -2.15016000242 -0.267697500283 1.83855810354 -2.15016000242 -0.267697500283
-3.41190208888 -0.445216319566 2.71707590162 -3.41190208888 -0.445216319566 2.71707590162
-5.7878074826 -0.835249314486 -2.13581685879 -5.7878074826 -0.835249314486 -2.13581685879
4.73545184992 1.53268665267 1.33438494752 4.73545184992 1.53268665267 1.33438494752
1.56557583648 2.72892709314 -1.59714457236 1.56557583648 2.72892709314 -1.59714457236
-3.30135615548 -1.1157478061 2.94069698529 -3.30135615548 -1.1157478061 2.94069698529
-5.08937760768 0.271694148599 4.05049376139 -5.08937760768 0.271694148599 4.05049376139
2.22004328344 0.0664170657724 -0.199306035644 2.22004328344 0.0664170657724 -0.199306035644
-3.17230997758 0.00368251519283 -4.19205210044 -3.17230997758 0.00368251519283 -4.19205210044
2.12195737658 -1.01198794116 -4.34691925074 2.12195737658 -1.01198794116 -4.34691925074
0.454208225822 -2.66209780434 -1.36470418123 0.454208225822 -2.66209780434 -1.36470418123
7.18531336477 -0.0144287157542 3.82318060347 7.18531336477 -0.0144287157542 3.82318060347
1.24348230023 2.23230775988 -1.48573403522 1.24348230023 2.23230775988 -1.48573403522
-2.39662897635 -4.88892995734 -0.385195141918 -2.39662897635 -4.88892995734 -0.385195141918
-2.83288482876 0.0292204989073 4.90752451508 -2.83288482876 0.0292204989073 4.90752451508
1.38749018664 3.69424415824 1.58155347952 1.38749018664 3.69424415824 1.58155347952
3.30087627007 -1.99221129141 4.90502568582 3.30087627007 -1.99221129141 4.90502568582
-3.54525170605 -1.75720732817 0.0846790333101 -3.54525170605 -1.75720732817 0.0846790333101
-0.352111596995 -0.359633558496 -3.4642369029 -0.352111596995 -0.359633558496 -3.4642369029
-1.35852087247 -1.798095751 -1.53934061844 -1.35852087247 -1.798095751 -1.53934061844
3.99245525063 -3.17231133877 3.83132645693 3.99245525063 -3.17231133877 3.83132645693
2.83134954556 -5.82907362904 -8.36474464068 2.83134954556 -5.82907362904 -8.36474464068
2.23307270553 -4.50087100068 5.52081415071 2.23307270553 -4.50087100068 5.52081415071
1.889806928 0.224365727687 4.65462397 1.889806928 0.224365727687 4.65462397
-0.39116566115 3.79910157168 3.91940813358 -0.39116566115 3.79910157168 3.91940813358
-2.32031916862 -1.30016701151 -4.51516619815 -2.32031916862 -1.30016701151 -4.51516619815
5.83304915722 3.52003524148 -4.09835924403 5.83304915722 3.52003524148 -4.09835924403
-4.24574599811 -3.70205438893 -0.0321893986355 -4.24574599811 -3.70205438893 -0.0321893986355
6.89507237946 -0.796682634122 -4.62051551093 6.89507237946 -0.796682634122 -4.62051551093
1.59091084968 -0.748986349049 0.0634532499865 1.59091084968 -0.748986349049 0.0634532499865
2.22786633848 2.14039547392 -2.64135133654 2.22786633848 2.14039547392 -2.64135133654
-4.03840620242 3.51604192462 1.96563627044 -4.03840620242 3.51604192462 1.96563627044
1.71235399469 3.35127769958 2.05434909414 1.71235399469 3.35127769958 2.05434909414
2.65173857632 -2.12902161298 0.838289593475 2.65173857632 -2.12902161298 0.838289593475
5.1745939956 -0.393711017437 -6.84792728546 5.1745939956 -0.393711017437 -6.84792728546
8.95415127699 2.99628257021 -3.57703518161 8.95415127699 2.99628257021 -3.57703518161
-0.0183686336877 1.34999455899 -1.7052651654 -0.0183686336877 1.34999455899 -1.7052651654
-0.290435729569 -2.81423115141 1.15627141643 -0.290435729569 -2.81423115141 1.15627141643
-4.13149751899 0.0260790517097 -1.51410319031 -4.13149751899 0.0260790517097 -1.51410319031
-4.18124132969 0.810578091218 -3.89890423862 -4.18124132969 0.810578091218 -3.89890423862
-1.73121989678 -0.929817792345 1.92962107279 -1.73121989678 -0.929817792345 1.92962107279
-5.66819033473 4.96737361917 5.98696765951 -5.66819033473 4.96737361917 5.98696765951
-2.19645150366 2.39054892386 -5.57986567287 -2.19645150366 2.39054892386 -5.57986567287
-1.67200340028 0.615500458827 -0.950380103383 -1.67200340028 0.615500458827 -0.950380103383
-0.947101351714 9.92099763967 -5.61693825864 -0.947101351714 9.92099763967 -5.61693825864
3.60110078631 2.85368464209 -0.67621221065 3.60110078631 2.85368464209 -0.67621221065
6.47581451198 0.856481737721 -2.44765740237 6.47581451198 0.856481737721 -2.44765740237
0.326590244287 8.11009149711 9.19835231674 0.326590244287 8.11009149711 9.19835231674
-0.124266271997 -2.75259833533 2.4654555347 -0.124266271997 -2.75259833533 2.4654555347
-0.60771479261 -2.01149394816 -6.71307502957 -0.60771479261 -2.01149394816 -6.71307502957
4.79434158267 1.38419435462 -5.78694038843 4.79434158267 1.38419435462 -5.78694038843
4.17892624811 4.37311728872 -3.43115222561 4.17892624811 4.37311728872 -3.43115222561
3.88064822079 0.896043511436 0.697243376634 3.88064822079 0.896043511436 0.697243376634
8.17566872221 -3.89915670517 4.20494087334 8.17566872221 -3.89915670517 4.20494087334
