2.79519517378 1.60178523541 -0.905732361757 2.79519517378 1.60178523541 -0.905732361757
-0.538342249896 0.63467637116 -1.47159151514 -0.538342249896 0.63467637116 -1.47159151514
1.98513751902 4.19901235347 -3.42547403552 1.98513751902 4.19901235347 -3.42547403552
1.00182271562 -3.44672896504 0.372169377206 1.00182271562 -3.44672896504 0.372169377206
2.05145264803 1.39897036636 -2.34957570625 2.05145264803 1.39897036636 -2.34957570625
-0.485287950396 0.0782933534882 -0.122405117753 -0.485287950396 0.0782933534882 -0.122405117753
1.37069484626 -1.53783139238 4.36113238539 1.37069484626 -1.53783139238 4.36113238539
-1.84362726905 4.54695838974 1.56629972889 -1.84362726905 4.54695838974 1.56629972889
0.492741448293 -0.342966879928 -3.39407818262 0.492741448293 -0.342966879928 -3.39407818262
4.08117912243 2.30977387481 0.759200732529 4.08117912243 2.30977387481 0.759200732529
-3.92317818137 5.52443873408 1.1846883677 -3.92317818137 5.52443873408 1.1846883677
3.16316305173 0.59040081697 -2.23655991971 3.16316305173 0.59040081697 -2.23655991971
-0.45755221118 -1.88145397607 6.88201703983 -0.45755221118 -1.88145397607 6.88201703983
-3.16370306011 -0.552674793753 -4.34771878423 -3.16370306011 -0.552674793753 -4.34771878423
-1.37253313384 4.72260786773 5.50577728143 -1.37253313384 4.72260786773 5.50577728143
2.05912805941 -0.479196219262 -3.00202016559 2.05912805941 -0.479196219262 -3.00202016559
-2.16329977588 4.3670306733 3.22698714694 -2.16329977588 4.3670306733 3.22698714694
-4.3299527608 -0.46661842433 4.10146566561 -4.3299527608 -0.46661842433 4.10146566561
4.19139766408 -3.4911692613 -1.0737804328 4.19139766408 -3.4911692613 -1.0737804328
0.865993152196 5.26849539786 -4.19496985687 0.865993152196 5.26849539786 -4.19496985687
-1.04986982383 -0.0831378275484 -2.15071488604 -1.04986982383 -0.0831378275484 -2.15071488604
-0.00468100082053 -1.74829843124 1.03627884866 -0.00468100082053 -1.74829843124 1.03627884866
4.81775487872 -0.511537847473 1.87692460215 4.81775487872 -0.511537847473 1.87692460215
-0.00883284847935 -0.041211958113 -2.88072276442 -0.00883284847935 -0.041211958113 -2.88072276442
-0.560225385611 5.22505358434 2.51335372006 -0.560225385611 5.22505358434 2.51335372006
1.23875596721 2.29755293999 -2.26875292222 1.23875596721 2.29755293999 -2.26875292222
-3.74149177562 1.67911659514 -0.792699311828 -3.74149177562 1.67911659514 -0.792699311828
-3.43822433473 -0.796925119145 -0.40617550197 -3.43822433473 -0.796925119145 -0.40617550197
0.514415694404 0.20912563579 0.154341356374 0.514415694404 0.20912563579 0.154341356374
1.30787220051 8.63847085017 -0.826424540778 1.30787220051 8.63847085017 -0.826424540778
-1.66556574381 1.21711313994 -1.43885253764 -1.66556574381 1.21711313994 -1.43885253764
7.20066922915 5.17707604649 0.285433260532 7.20066922915 5.17707604649 0.285433260532
-5.14916536684 0.196343641674 -2.14352319554 -5.14916536684 0.196343641674 -2.14352319554
-3.7073740843 -2.99994274102 -5.3969955609 -3.7073740843 -2.99994274102 -5.3969955609
-2.38948984819 -4.97203822554 -0.846302316055 -2.38948984819 -4.97203822554 -0.846302316055
1.10232388635 1.90280508476 -1.31230362779 1.10232388635 1.90280508476 -1.31230362779
4.48054795046 -0.139986573056 2.28838039551 4.48054795046 -0.139986573056 2.28838039551
-1.57626591572 4.70740609792 1.25390672677 -1.57626591572 4.70740609792 1.25390672677
0.487085637045 2.39015206802 2.41613077416 0.487085637045 2.39015206802 2.41613077416
-2.11909974531 1.27248194198 1.10202114238 -2.11909974531 1.27248194198 1.10202114238
0.00991811578016 6.12358792312 -3.42654868528 0.00991811578016 6.12358792312 -3.42654868528
3.12942193854 2.56709689806 4.64630245368 3.12942193854 2.56709689806 4.64630245368
-2.62430444469 -1.31217157533 -1.43154971272 -2.62430444469 -1.31217157533 -1.43154971272
-1.30961289648 -0.0920194490831 -1.64313882455 -1.30961289648 -0.0920194490831 -1.64313882455
-3.7427621412 4.34177275298 -0.7854182214 -3.7427621412 4.34177275298 -0.7854182214
0.634617743702 -0.599691097735 -1.57766089656 0.634617743702 -0.599691097735 -1.57766089656
2.9131201144 0.179649197703 0.034566287003 2.9131201144 0.179649197703 0.034566287003
-1.65977053072 3.27195578808 -1.77816642559 -1.65977053072 3.27195578808 -1.77816642559
5.43793773711 1.8418140419 1.44762357982 5.43793773711 1.8418140419 1.44762357982
1.06184390265 1.47540685122 -4.55729261078 0.840388667472 1.64945700492 -4.90378281613
1.442588182 1.6142935597 -3.49146591308 1.442588182 1.6142935597 -3.49146591308
2.44067781389 5.99445877321 0.778202734989 2.44067781389 5.99445877321 0.778202734989
2.54494029011 -6.31354895754 -2.07481162276 2.54494029011 -6.31354895754 -2.07481162276
2.54694676779 0.434511849093 1.48128408874 2.54694676779 0.434511849093 1.48128408874
-5.99609372071 2.50098372221 -2.40959052674 -5.99609372071 2.50098372221 -2.40959052674
1.56583785607 -0.923316716733 2.31124150442 1.56583785607 -0.923316716733 2.31124150442
6.5211437666 0.44327175022 1.52435893681 6.5211437666 0.44327175022 1.52435893681
-0.409155404942 -1.37547619655 2.80978606007 -0.409155404942 -1.37547619655 2.80978606007
0.279112601503 1.39860802529 -1.31548723026 0.279112601503 1.39860802529 -1.31548723026
-2.28532493368 -0.24476770944 1.39034839376 -2.28532493368 -0.24476770944 1.39034839376
-1.34061303296 4.40771022338 -0.321300461597 -1.34061303296 4.40771022338 -0.321300461597
0.840388667472 1.64945700492 -4.90378281613 1.06184390265 1.47540685122 -4.55729261078
4.57660932336 2.40513435061 0.5699373874 4.57660932336 2.40513435061 0.5699373874
-0.873809117187 0.131283249107 4.43498336998 -0.873809117187 0.131283249107 4.43498336998
