0.435805406018 2.14477535962 -2.25189516718 0.435805406018 2.14477535962 -2.25189516718
-4.92477385872 3.46634881823 2.12105825674 -4.92477385872 3.46634881823 2.12105825674
1.78398676182 -4.01697595197 -3.8168844545 1.78398676182 -4.01697595197 -3.8168844545
-0.906631414208 4.24186288034 0.224944137937 -0.906631414208 4.24186288034 0.224944137937
0.373856907184 0.500516933928 -1.71763197204 0.373856907184 0.500516933928 -1.71763197204
-0.730809561426 0.91083353173 2.66015914873 -0.730809561426 0.91083353173 2.66015914873
3.05943042755 0.233896724888 -0.893958647849 3.05943042755 0.233896724888 -0.893958647849
-5.72177708513 0.851167588755 1.01589231676 -5.72177708513 0.851167588755 1.01589231676
-6.73032643897 2.49750532909 2.0617413385 -6.73032643897 2.49750532909 2.0617413385
-1.90695855675 2.57285042255 -1.05437002847 -1.90695855675 2.57285042255 -1.05437002847
1.62220369979 0.969820858846 -1.88875781608 1.62220369979 0.969820858846 -1.88875781608
1.47845669619 -7.12541444969 -8.92646489208 1.47845669619 -7.12541444969 -8.92646489208
-1.51810264933 1.94653833475 -6.60768009394 -1.51810264933 1.94653833475 -6.60768009394
-2.9511806651 4.59348996109 3.81049263329 -2.9511806651 4.59348996109 3.81049263329
1.86355279369 3.26815521967 1.02545311736 1.86355279369 3.26815521967 1.02545311736
1.61147767876 2.63925332449 0.741399646657 1.61147767876 2.63925332449 0.741399646657
-3.72403207757 3.61449641591 -0.818922811858 -3.72403207757 3.61449641591 -0.818922811858
5.62732948952 -0.00336680821788 -1.16055149334 5.62732948952 -0.00336680821788 -1.16055149334
7.6827230284 -1.93613207987 0.851357100419 7.6827230284 -1.93613207987 0.851357100419
1.96447374715 -3.48232267612 -1.86176538631 1.96447374715 -3.48232267612 -1.86176538631
2.27247558007 -1.52640085025 -3.29216656833 2.27247558007 -1.52640085025 -3.29216656833
1.33090025462 0.966947337181 3.15699586814 1.33090025462 0.966947337181 3.15699586814
4.98092707077 -2.28990192546 0.741187640664 4.98092707077 -2.28990192546 0.741187640664
-2.84117121995 -1.1930922816 0.481841393518 -2.84117121995 -1.1930922816 0.481841393518
6.79647719468 2.10703851784 -0.032962600485 6.79647719468 2.10703851784 -0.032962600485
1.31581853165 1.44039143898 2.77560504729 1.31581853165 1.44039143898 2.77560504729
4.48096777569 -4.46204786673 -0.0327849971558 4.48096777569 -4.46204786673 -0.0327849971558
5.96639429452 -4.7095243688 -4.44755235013 5.96639429452 -4.7095243688 -4.44755235013
-2.41522345234 1.09752298422 1.30041265053 -2.41522345234 1.09752298422 1.30041265053
-1.97445749213 -3.64075329904 -3.4451349652 -1.97445749213 -3.64075329904 -3.4451349652
2.26107006844 6.14746996702 6.46510150542 2.26107006844 6.14746996702 6.46510150542
0.172397610493 0.212242877805 0.412759637249 0.172397610493 0.212242877805 0.412759637249
-2.34752394889 -3.06486171533 -2.51481348799 -2.34752394889 -3.06486171533 -2.51481348799
-3.63328892795 -0.372556310058 -0.25727902033 -3.63328892795 -0.372556310058 -0.25727902033
-6.40998395073 0.232749405359 -3.07142230298 -6.40998395073 0.232749405359 -3.07142230298
-0.309026756105 3.26010122326 -7.00727853809 -0.309026756105 3.26010122326 -7.00727853809
5.19800323765 -3.50927058986 -3.07055663634 5.19800323765 -3.50927058986 -3.07055663634
6.32052596548 -2.97976246505 0.0268986378266 6.32052596548 -2.97976246505 0.0268986378266
0.433223397516 0.677405461064 -0.887099178468 0.433223397516 0.677405461064 -0.887099178468
3.06468056665 -0.228120828069 -3.78125801932 3.06468056665 -0.228120828069 -3.78125801932
-3.03989637458 -5.99695131739 -5.812916427 -3.03989637458 -5.99695131739 -5.812916427
-6.30924982799 -1.74559518629 -2.00235608696 -6.30924982799 -1.74559518629 -2.00235608696
1.6271629318 -0.304327207427 1.37045579806 1.6271629318 -0.304327207427 1.37045579806
2.46780463892 0.827694160089 -2.28482409354 2.46780463892 0.827694160089 -2.28482409354
-0.816947326516 4.86596246465 4.47814203735 -0.816947326516 4.86596246465 4.47814203735
0.488712265123 7.1218457453 -3.80448509881 0.488712265123 7.1218457453 -3.80448509881
-2.19725710854 5.34723372251 -0.441423558384 -2.19725710854 5.34723372251 -0.441423558384
1.91948393222 -2.85140362695 -3.11186886915 1.91948393222 -2.85140362695 -3.11186886915
1.49723763641 -0.747196962425 -3.04939014984 1.49723763641 -0.747196962425 -3.04939014984
-2.06362333361 0.243681384974 5.35542134042 -2.06362333361 0.243681384974 5.35542134042
-0.248444199161 -1.90837855764 0.870405200052 -0.248444199161 -1.90837855764 0.870405200052
4.56865705724 4.01139978593 2.55449205938 4.56865705724 4.01139978593 2.55449205938
1.84008550083 2.52055147021 -1.2960018831 1.84008550083 2.52055147021 -1.2960018831
-3.45916822168 5.71206721117 2.60281013834 -3.45916822168 5.71206721117 2.60281013834
-1.47511969413 -1.53124019397 -0.534796266815 -1.47511969413 -1.53124019397 -0.534796266815
-0.957832623615 -4.10974284003 -4.78142326142 -0.957832623615 -4.10974284003 -4.78142326142
5.63456325363 8.25967392105 -0.348728019594 5.63456325363 8.25967392105 -0.348728019594
-3.50747650777 -1.71871154155 -1.90083635215 -3.50747650777 -1.71871154155 -1.90083635215
6.41645626372 1.05657846355 0.428244386823 6.41645626372 1.05657846355 0.428244386823
0.455696552076 -3.7397895068 0.257234156806 0.455696552076 -3.7397895068 0.257234156806
-6.3396221485 0.745528448073 2.22477073478 -6.3396221485 0.745528448073 2.22477073478
0.352150240967 0.85096296497 2.08758443496 0.352150240967 0.85096296497 2.08758443496
-2.78308804283 1.78676059385 -4.51568771864 -2.78308804283 1.78676059385 -4.51568771864
0.823116198757 -6.53400495923 -5.14427253299 0.823116198757 -6.53400495923 -5.14427253299
